2013-05-08 00:00:00.000 1 1 -25.085331696218635 115.63691357546575 23226015.03061965
2013-05-08 00:01:30.000 1 1 -24.581279220617652 115.69470745737927 23225871.91311254
2013-05-08 00:03:00.000 1 1 -24.075984453413295 115.74902765874273 23225730.616856366
2013-05-08 00:04:30.000 1 1 -23.56948563720807 115.79997363159264 23225591.212190673
2013-05-08 00:06:00.000 1 1 -23.06182014646062 115.84764293777609 23225453.768512893
2013-05-08 00:07:30.000 1 1 -22.553024516630582 115.89213196554095 23225318.35424335
2013-05-08 00:09:00.000 1 1 -22.043134475623994 115.93353495917289 23225185.036791664
2013-05-08 00:10:30.000 1 1 -21.532184972771724 115.97194473620058 23225053.882523127
2013-05-08 00:12:00.000 1 1 -21.020210206340444 116.00745256109579 23224924.956725523
2013-05-08 00:13:30.000 1 1 -20.507243651598646 116.04014818778809 23224798.32357676
2013-05-08 00:15:00.000 1 1 -19.99331808830447 116.070119900099 23224674.04611313
2013-05-08 00:16:30.000 1 1 -19.478465625119142 116.09745439108208 23224552.186197534
2013-05-08 00:18:00.000 1 1 -18.9627177266621 116.12223747138792 23224432.80448917
2013-05-08 00:19:30.000 1 1 -18.4461052372024 116.14455310731726 23224315.960413016
2013-05-08 00:21:00.000 1 1 -17.92865840553602 116.16448413322671 23224201.712130625
2013-05-08 00:22:30.000 1 1 -17.4104069073723 116.18211212462522 23224090.11651085
2013-05-08 00:24:00.000 1 1 -16.89137986861879 116.19751744290106 23223981.22910176
2013-05-08 00:25:30.000 1 1 -16.37160588824628 116.21077927093181 23223875.104103085
2013-05-08 00:27:00.000 1 1 -15.851113058209483 116.22197549099698 23223771.794339
2013-05-08 00:28:30.000 1 1 -15.329928986034302 116.23118339344819 23223671.351232115
2013-05-08 00:30:00.000 1 1 -14.808080815185546 116.23847871230828 23223573.824777894
2013-05-08 00:31:30.000 1 1 -14.285595244243234 116.243936332995 23223479.263519607
2013-05-08 00:33:00.000 1 1 -13.762498547121417 116.24763016676187 23223387.71452437
2013-05-08 00:34:30.000 1 1 -13.238816591970965 116.2496331882668 23223299.22335969
2013-05-08 00:36:00.000 1 1 -12.714574859805664 116.25001747435661 23223213.834070817
2013-05-08 00:37:30.000 1 1 -12.18979846270159 116.24885407413593 23223131.5891588
2013-05-08 00:39:00.000 1 1 -11.664512161417989 116.24621371924636 23223052.529559433
2013-05-08 00:40:30.000 1 1 -11.138740383486779 116.24216585218804 23222976.694622926
2013-05-08 00:42:00.000 1 1 -10.61250723922006 116.2367793364689 23222904.1220942
2013-05-08 00:43:30.000 1 1 -10.08583653907966 116.23012232491476 23222834.848094285
2013-05-08 00:45:00.000 1 1 -9.558751809858228 116.22226229459685 23222768.90710225
2013-05-08 00:46:30.000 1 1 -9.031276310717153 116.21326608626862 23222706.331938133
2013-05-08 00:48:00.000 1 1 -8.503433048755575 116.20319993636059 23222647.153746594
2013-05-08 00:49:30.000 1 1 -7.975244795160691 116.19212934494234 23222591.401981503
2013-05-08 00:51:00.000 1 1 -7.446734099374564 116.18011978505126 23222539.104391173
2013-05-08 00:52:30.000 1 1 -6.917923304736385 116.16723572583004 23222490.28700468
2013-05-08 00:54:00.000 1 1 -6.388834563035415 116.15354134341509 23222444.97411885
2013-05-08 00:55:30.000 1 1 -5.8594898490233085 116.1391003820115 23222403.188286256
2013-05-08 00:57:00.000 1 1 -5.329910974729962 116.12397619150516 23222364.950303946
2013-05-08 00:58:30.000 1 1 -4.800119603425884 116.10823175975762 23222330.279203143
2013-05-08 01:00:00.000 1 1 -4.270137264283461 116.09192957773374 23222299.192239784
2013-05-08 01:01:30.000 1 1 -3.7399853651612496 116.07513234584572 23222271.70488591
2013-05-08 01:03:00.000 1 1 -3.2096852069815496 116.05790199797651 23222247.83082203
2013-05-08 01:04:30.000 1 1 -2.6792579971254704 116.0403004069006 23222227.581930265
2013-05-08 01:06:00.000 1 1 -2.1487248628968754 116.02238924897307 23222210.968288492
2013-05-08 01:07:30.000 1 1 -1.6181068648974255 116.00423003702903 23222197.99816531
2013-05-08 01:09:00.000 1 1 -1.087425010154576 115.98588415156794 23222188.678015932
2013-05-08 01:10:30.000 1 1 -0.5567002660554857 115.96741270840333 23222183.012478977
2013-05-08 01:12:00.000 1 1 -0.025953572679052486 115.94887725907174 23222181.004374173
2013-05-08 01:13:30.000 1 1 0.5047941442099713 115.93033881847171 23222182.654700957
2013-05-08 01:15:00.000 1 1 1.0355219584514945 115.91185856732223 23222187.96263796
2013-05-08 01:16:30.000 1 1 1.56620893206939 115.89349771633557 23222196.925543424
2013-05-08 01:18:00.000 1 1 2.0968341014140934 115.87531754185346 23222209.53895654
2013-05-08 01:19:30.000 1 1 2.6273764634500045 115.85737941294036 23222225.79659962
2013-05-08 01:21:00.000 1 1 3.157814963556827 115.83974466043493 23222245.690381248
2013-05-08 01:22:30.000 1 1 3.688128481370017 115.82247527831395 23222269.210400283
2013-05-08 01:24:00.000 1 1 4.2182958184510895 115.80563295244932 23222296.344950836
2013-05-08 01:25:30.000 1 1 4.748295683104138 115.78927975960728 23222327.080527965
2013-05-08 01:27:00.000 1 1 5.278106678547772 115.77347803716161 23222361.40183452
2013-05-08 01:28:30.000 1 1 5.807707288548946 115.75829041419432 23222399.291788686
2013-05-08 01:30:00.000 1 1 6.337075863098219 115.7437798446174 23222440.731532447
2013-05-08 01:31:30.000 1 1 6.86619060531845 115.73000947309936 23222485.700440973
2013-05-08 01:33:00.000 1 1 7.395029557518056 115.7170433412083 23222534.176132973
2013-05-08 01:34:30.000 1 1 7.923570585341489 115.70494541163693 23222586.134481627
2013-05-08 01:36:00.000 1 1 8.45179136500159 115.69378027588688 23222641.54962674
2013-05-08 01:37:30.000 1 1 8.979669367885785 115.68361302032099 23222700.39398755
2013-05-08 01:39:00.000 1 1 9.507181845109391 115.6745092589761 23222762.638276335
2013-05-08 01:40:30.000 1 1 10.034305813373626 115.66653517295688 23222828.251513157
2013-05-08 01:42:00.000 1 1 10.56101803866996 115.65975737202467 23222897.201041073
2013-05-08 01:43:30.000 1 1 11.087295021597578 115.65424360701995 23222969.4525426
2013-05-08 01:45:00.000 1 1 11.613112979638553 115.65006179474837 23223044.970056448
2013-05-08 01:46:30.000 1 1 12.138447832553783 115.64728072658973 23223123.71599569
2013-05-08 01:48:00.000 1 1 12.663275185044373 115.64596994027582 23223205.65116633
2013-05-08 01:49:30.000 1 1 13.187570309238922 115.6461997515273 23223290.734786708
2013-05-08 01:51:00.000 1 1 13.711308128182273 115.6480412957499 23223378.9245079
2013-05-08 01:52:30.000 1 1 14.234463198250761 115.65156639606757 23223470.17643483
2013-05-08 01:54:00.000 1 1 14.757009689458 115.65684827420746 23223564.445147786
2013-05-08 01:55:30.000 1 1 15.278921368578095 115.66396057917129 23223661.683725342
2013-05-08 01:57:00.000 1 1 15.800171579264283 115.67297810038416 23223761.843767483
2013-05-08 01:58:30.000 1 1 16.320733222896383 115.68397663787567 23223864.875419788
2013-05-08 02:00:00.000 1 1 16.840578737924144 115.69703304168357 23223970.727398045
2013-05-08 02:01:30.000 1 1 17.359680080232575 115.71222525274717 23224079.347013917
2013-05-08 02:03:00.000 1 1 17.878008702297393 115.7296321740864 23224190.68020119
2013-05-08 02:04:30.000 1 1 18.395535530104105 115.74933438525895 23224304.67154235
2013-05-08 02:06:00.000 1 1 18.912230942709687 115.77141317361253 23224421.264296453
2013-05-08 02:07:30.000 1 1 19.428064748843365 115.79595124902883 23224540.400427245
2013-05-08 02:09:00.000 1 1 19.943006163067416 115.82303261532397 23224662.020631876
2013-05-08 02:10:30.000 1 1 20.457023782646523 115.8527426165117 23224786.06437059
2013-05-08 02:12:00.000 1 1 20.970085562913386 115.88516797393721 23224912.469896827
2013-05-08 02:13:30.000 1 1 21.482158791285197 115.92039666364114 23225041.174287762
2013-05-08 02:15:00.000 1 1 21.993210061249275 115.95851862987192 23225172.11347565
2013-05-08 02:16:30.000 1 1 22.503205246452683 115.99962481837967 23225305.22227982
2013-05-08 02:18:00.000 1 1 23.012109472705497 116.04380789457498 23225440.434439026
2013-05-08 02:19:30.000 1 1 23.519887089052762 116.09116211226569 23225577.6826442
2013-05-08 02:21:00.000 1 1 24.026501640371087 116.14178336098085 23225716.898572363
2013-05-08 02:22:30.000 1 1 24.53191583599838 116.19576920521548 23225858.01292027
2013-05-08 02:24:00.000 1 1 25.036091519188556 116.25321875832557 23226000.955438834
2013-05-08 02:25:30.000 1 1 25.53898963636037 116.31423339680285 23226145.65496838
2013-05-08 02:27:00.000 1 1 26.04057020414796 116.37891579185715 23226292.03947387
2013-05-08 02:28:30.000 1 1 26.540792275560346 116.44737062125726 23226440.036080588
2013-05-08 02:30:00.000 1 1 27.03961390653172 116.51970444095242 23226589.571110673
2013-05-08 02:31:30.000 1 1 27.536992120714626 116.59602572331319 23226740.57011973
2013-05-08 02:33:00.000 1 1 28.032882872677312 116.67644489182496 23226892.957933724
2013-05-08 02:34:30.000 1 1 28.527241010793293 116.76107436015435 23227046.65868631
2013-05-08 02:36:00.000 1 1 29.020020239957933 116.85002839354314 23227201.595856946
2013-05-08 02:37:30.000 1 1 29.511173082025394 116.94342381658404 23227357.692308668
2013-05-08 02:39:00.000 1 1 30.000650835103468 117.04137903074842 23227514.870326426
2013-05-08 02:40:30.000 1 1 30.48840353408823 117.14401471959157 23227673.051656164
2013-05-08 02:42:00.000 1 1 30.974379907162444 117.25145369888472 23227832.15754334
2013-05-08 02:43:30.000 1 1 31.458527332906495 117.36382094198352 23227992.108772162
2013-05-08 02:45:00.000 1 1 31.940791797047286 117.48124359723838 23228152.825705305
2013-05-08 02:46:30.000 1 1 32.42111784680692 117.60385083353796 23228314.228323296
2013-05-08 02:48:00.000 1 1 32.89944854508697 117.73177452413846 23228476.2362644
2013-05-08 02:49:30.000 1 1 33.37572542355933 117.86514824094273 23228638.768864684
2013-05-08 02:51:00.000 1 1 33.84988843485267 118.00410792951773 23228801.745198075
2013-05-08 02:52:30.000 1 1 34.3218759040244 118.14879173435469 23228965.084116764
2013-05-08 02:54:00.000 1 1 34.79162447844169 118.29933998657651 23229128.704291403
2013-05-08 02:55:30.000 1 1 35.25906907843201 118.45589518643382 23229292.52425183
2013-05-08 02:57:00.000 1 1 35.72414284583989 118.61860180714078 23229456.462427586
2013-05-08 02:58:30.000 1 1 36.1867770918161 118.78760693445473 23229620.437188204
2013-05-08 03:00:00.000 1 1 36.64690124617624 118.96305921378695 23229784.36688449
2013-05-08 03:01:30.000 1 1 37.10444280328845 119.14510946894913 23229948.169888537
2013-05-08 03:03:00.000 1 1 37.559327270044136 119.33391046936636 23230111.76463483
2013-05-08 03:04:30.000 1 1 38.0114781119754 119.52961685735582 23230275.069660436
2013-05-08 03:06:00.000 1 1 38.460816700944505 119.73238505625199 23230438.003646042
2013-05-08 03:07:30.000 1 1 38.907262261449546 119.94237300408231 23230600.48545614
2013-05-08 03:09:00.000 1 1 39.350731817954404 120.1597407076725 23230762.434179526
2013-05-08 03:10:30.000 1 1 39.79114014255261 120.38464910372947 23230923.76916962
2013-05-08 03:12:00.000 1 1 40.22839970347972 120.61726058434299 23231084.41008463
2013-05-08 03:13:30.000 1 1 40.662420613867546 120.85773865809531 23231244.276927438
2013-05-08 03:15:00.000 1 1 41.09311058314874 121.10624776929919 23231403.29008568
2013-05-08 03:16:30.000 1 1 41.52037486869758 121.36295309002013 23231561.370371334
2013-05-08 03:18:00.000 1 1 41.944116229203985 121.62802012374473 23231718.439059876
2013-05-08 03:19:30.000 1 1 42.36423488219389 121.90161512909226 23231874.417930078
2013-05-08 03:21:00.000 1 1 42.78062846137065 122.18390383392227 23232029.229302455
2013-05-08 03:22:30.000 1 1 43.19319197918831 122.47505180793087 23232182.796078254
2013-05-08 03:24:00.000 1 1 43.60181779139296 122.77522396518081 23232335.04177761
2013-05-08 03:25:30.000 1 1 44.00639556700757 123.08458420878472 23232485.890578017
2013-05-08 03:27:00.000 1 1 44.406812261456835 123.40329504175024 23232635.267351806
2013-05-08 03:28:30.000 1 1 44.802952095415115 123.73151698479917 23232783.09770375
2013-05-08 03:30:00.000 1 1 45.194696539167516 124.06940879328094 23232929.308008052
2013-05-08 03:31:30.000 1 1 45.58192430338115 124.41712596869793 23233073.82544509
2013-05-08 03:33:00.000 1 1 45.96451133620549 124.77482090837323 23233216.57803758
2013-05-08 03:34:30.000 1 1 46.34233082930162 125.14264218839445 23233357.494686656
2013-05-08 03:36:00.000 1 1 46.71525323101893 125.52073396701026 23233496.505207192
2013-05-08 03:37:30.000 1 1 47.083146269393545 125.90923536103841 23233633.54036276
2013-05-08 03:39:00.000 1 1 47.44587498501431 126.30827961179571 23233768.5319002
2013-05-08 03:40:30.000 1 1 47.803301774715635 126.7179940542665 23233901.412583604
2013-05-08 03:42:00.000 1 1 48.15528644706517 127.13849837359759 23234032.116227884
2013-05-08 03:43:30.000 1 1 48.50168628983182 127.56990449622108 23234160.57773161
2013-05-08 03:45:00.000 1 1 48.84235615203067 128.0123156164804 23234286.733109705
2013-05-08 03:46:30.000 1 1 49.177148539131444 128.4658253497207 23234410.519525163
2013-05-08 03:48:00.000 1 1 49.50591372403132 128.9305168567842 23234531.875320453
2013-05-08 03:49:30.000 1 1 49.828499873957554 129.40646176902405 23234650.740048222
2013-05-08 03:51:00.000 1 1 50.14475319424445 129.8937199312619 23234767.054501466
2013-05-08 03:52:30.000 1 1 50.454518089872515 130.3923374364904 23234880.760743074
2013-05-08 03:54:00.000 1 1 50.75763734489999 130.9023463256191 23234991.80213454
2013-05-08 03:55:30.000 1 1 51.0539523218622 131.42376343490673 23235100.12336445
2013-05-08 03:57:00.000 1 1 51.34330318036125 131.95658940153467 23235205.670476034
2013-05-08 03:58:30.000 1 1 51.62552911483051 132.500807670541 23235308.390893806
2013-05-08 04:00:00.000 1 1 51.90046861455144 133.0563835050855 23235408.2334501
2013-05-08 04:01:30.000 1 1 52.16795974297286 133.62326284787045 23235505.148410436
2013-05-08 04:03:00.000 1 1 52.42784043786211 134.2013720394492 23235599.08749828
2013-05-08 04:04:30.000 1 1 52.679948832783516 134.7906158978889 23235690.003919244
2013-05-08 04:06:00.000 1 1 52.92412359783917 135.3908775096377 23235777.852384325
2013-05-08 04:07:30.000 1 1 53.16020430097892 136.0020172453017 23235862.589132644
2013-05-08 04:09:00.000 1 1 53.38803178691775 136.62387199744146 23235944.17195298
2013-05-08 04:10:30.000 1 1 53.607448575450796 137.25625450222154 23236022.560205117
2013-05-08 04:12:00.000 1 1 53.81829927519284 137.89895257558933 23236097.714839995
2013-05-08 04:13:30.000 1 1 54.0204310124104 138.55172928921004 23236169.598419107
2013-05-08 04:15:00.000 1 1 54.2136938735152 139.2143215787186 23236238.175133333
2013-05-08 04:16:30.000 1 1 54.39794135823136 139.88644065353867 23236303.410820764
2013-05-08 04:18:00.000 1 1 54.57303084078731 140.56777169562423 23236365.272983577
2013-05-08 04:19:30.000 1 1 54.7388240382102 141.25797387366154 23236423.730804473
2013-05-08 04:21:00.000 1 1 54.8951874807809 141.95668050936646 23236478.755161934
2013-05-08 04:22:30.000 1 1 55.04199298250733 142.66349922671662 23236530.318644714
2013-05-08 04:24:00.000 1 1 55.17911810856267 143.3780131190149 23236578.39556559
2013-05-08 04:25:30.000 1 1 55.3064466354877 144.09978039885033 23236622.961974204
2013-05-08 04:27:00.000 1 1 55.42386900066967 144.82833590099165 23236663.995668903
2013-05-08 04:28:30.000 1 1 55.53128273773738 145.56319192546619 23236701.47620785
2013-05-08 04:30:00.000 1 1 55.62859289405698 146.30383941477243 23236735.384919286
2013-05-08 04:31:30.000 1 1 55.71571242612502 147.04974930624098 23236765.704910778
2013-05-08 04:33:00.000 1 1 55.79256256956434 147.8003738741478 23236792.421077654
2013-05-08 04:34:30.000 1 1 55.85907318034787 148.55514907346554 23236815.520110577
2013-05-08 04:36:00.000 1 1 55.91518304351329 149.31349534158232 23236834.99050216
2013-05-08 04:37:30.000 1 1 55.960840146279516 150.07482021367275 23236850.822552685
2013-05-08 04:39:00.000 1 1 55.99600191328386 150.83852021728734 23236863.008374974
2013-05-08 04:40:30.000 1 1 56.020635400816765 151.60398303051448 23236871.541898318
2013-05-08 04:42:00.000 1 1 56.03471744841893 152.3705897236425 23236876.4188715
2013-05-08 04:43:30.000 1 1 56.03823478605845 153.1377168896234 23236877.63686491
2013-05-08 04:45:00.000 1 1 56.03118409581034 153.90473966434567 23236875.195271775
2013-05-08 04:46:30.000 1 1 56.01357202726184 154.67103307217715 23236869.09530843
2013-05-08 04:48:00.000 1 1 55.98541516661714 155.43597505652374 23236859.340013776
2013-05-08 04:49:30.000 1 1 55.946739959682965 156.19894864302506 23236845.93424766
2013-05-08 04:51:00.000 1 1 55.89758258968644 156.95934422298907 23236828.884688564
2013-05-08 04:52:30.000 1 1 55.83798881126369 157.71656176931396 23236808.199830193
2013-05-08 04:54:00.000 1 1 55.76801374219451 158.47001279497667 23236783.889977273
2013-05-08 04:55:30.000 1 1 55.68772161525061 159.21912305225086 23236755.967240386
2013-05-08 04:57:00.000 1 1 55.597185492820934 159.96333342112078 23236724.44552995
2013-05-08 04:58:30.000 1 1 55.496486947040914 160.70210235111705 23236689.34054929
2013-05-08 05:00:00.000 1 1 55.3857157084857 161.4349073073739 23236650.669786777
2013-05-08 05:01:30.000 1 1 55.26496928726457 162.16124623249388 23236608.45250709
2013-05-08 05:03:00.000 1 1 55.13435256997687 162.88063883726997 23236562.709741697
2013-05-08 05:04:30.000 1 1 54.99397739553616 163.59262755902034 23236513.46427819
2013-05-08 05:06:00.000 1 1 54.84396211496975 164.29677918121953 23236460.74064909
2013-05-08 05:07:30.000 1 1 54.68443113780771 164.99268459780023 23236404.565119546
2013-05-08 05:09:00.000 1 1 54.515514468876695 165.67996009210242 23236344.965674203
2013-05-08 05:10:30.000 1 1 54.33734723972582 166.35824759960346 23236281.972003233
2013-05-08 05:12:00.000 1 1 54.15006923780646 167.02721497665746 23236215.615487665
2013-05-08 05:13:30.000 1 1 53.953824436152296 167.68655611302157 23236145.92918354
2013-05-08 05:15:00.000 1 1 53.74876052734594 168.3359907309976 23236072.947805475
2013-05-08 05:16:30.000 1 1 53.53502846463055 168.97526487566185 23235996.707709428
2013-05-08 05:18:00.000 1 1 53.312782012224325 169.60414960513245 23235917.246874552
2013-05-08 05:19:30.000 1 1 53.08217730698547 170.22244124026906 23235834.60488415
2013-05-08 05:21:00.000 1 1 52.843372434394375 170.82996066449024 23235748.822905995
2013-05-08 05:22:30.000 1 1 52.596527020183956 171.42655270126713 23235659.943671875
2013-05-08 05:24:00.000 1 1 52.34180183784669 172.0120854039385 23235568.011456087
2013-05-08 05:25:30.000 1 1 52.07935843584587 172.58644910846868 23235473.072053514
2013-05-08 05:27:00.000 1 1 51.809358783232014 173.14955626242448 23235375.172756802
2013-05-08 05:28:30.000 1 1 51.531964934746775 173.70133953152808 23235274.362332646
2013-05-08 05:30:00.000 1 1 51.247338717052585 174.24175153626655 23235170.690997552
2013-05-08 05:31:30.000 1 1 50.955641435158704 174.77076372893026 23235064.21039279
2013-05-08 05:33:00.000 1 1 50.65703359962789 175.28836541306362 23234954.97355861
2013-05-08 05:34:30.000 1 1 50.351674674380504 175.79456275300743 23234843.034907825
2013-05-08 05:36:00.000 1 1 50.03972284473997 176.28937761146744 23234728.450198643
2013-05-08 05:37:30.000 1 1 49.72133480594457 176.77284722928098 23234611.276506975
2013-05-08 05:39:00.000 1 1 49.39666557008835 177.2450222364335 23234491.572197773
2013-05-08 05:40:30.000 1 1 49.06586829281145 177.70596635640717 23234369.39689607
2013-05-08 05:42:00.000 1 1 48.729094118294704 178.1557552898519 23234244.811457366
2013-05-08 05:43:30.000 1 1 48.386492040126335 178.59447579228964 23234117.877936877
2013-05-08 05:45:00.000 1 1 48.038208780946796 179.022224778997 23233988.65955907
2013-05-08 05:46:30.000 1 1 47.6843886861061 179.43910845580132 23233857.22068583
2013-05-08 05:48:00.000 1 1 47.32517363345006 179.84524132013195 23233723.626784604
2013-05-08 05:49:30.000 1 1 46.96070295586104 -179.7592539651743 23233587.944395516
2013-05-08 05:51:00.000 1 1 46.59111337808664 -179.3742483459273 23233450.241098378
2013-05-08 05:52:30.000 1 1 46.21653896525339 -178.99960642682993 23233310.58547892
2013-05-08 05:54:00.000 1 1 45.83711108288806 -178.63518733406954 23233169.047094658
2013-05-08 05:55:30.000 1 1 45.45295836735895 -178.28084536364727 23233025.696440127
2013-05-08 05:57:00.000 1 1 45.06420670666763 -177.9364305989962 23232880.604911964
2013-05-08 05:58:30.000 1 1 44.670979228911435 -177.60178965586593 23232733.84477302
2013-05-08 06:00:00.000 1 1 44.27339630015639 -177.27676555325954 23232585.489116557
2013-05-08 06:01:30.000 1 1 43.871575529112484 -176.9611992288721 23232435.611829758
2013-05-08 06:03:00.000 1 1 43.465631778662534 -176.65492933943818 23232284.287556894
2013-05-08 06:04:30.000 1 1 43.05567718345856 -176.35779286834594 23232131.59166217
2013-05-08 06:06:00.000 1 1 42.641821172826624 -176.06962553262042 23231977.600192066
2013-05-08 06:07:30.000 1 1 42.22417049920425 -175.79026216191792 23231822.38983767
2013-05-08 06:09:00.000 1 1 41.8028292695343 -175.5195372087563 23231666.03789618
2013-05-08 06:10:30.000 1 1 41.377898981799945 -175.2572844010038 23231508.62223257
2013-05-08 06:12:00.000 1 1 40.94947856420221 -175.00333803853002 23231350.221240744
2013-05-08 06:13:30.000 1 1 40.51766441734434 -174.75753259068776 23231190.91380449
2013-05-08 06:15:00.000 1 1 40.08255045873649 -174.51970310311307 23231030.779258117
2013-05-08 06:16:30.000 1 1 39.6442281700967 -174.28968542372544 23230869.897347175
2013-05-08 06:18:00.000 1 1 39.20278664497105 -174.06731639670775 23230708.348188363
2013-05-08 06:19:30.000 1 1 38.75831263933798 -173.85243421172078 23230546.212229934
2013-05-08 06:21:00.000 1 1 38.31089062176413 -173.6448778917435 23230383.57021127
2013-05-08 06:22:30.000 1 1 37.86060282675073 -173.4444884424308 23230220.503123216
2013-05-08 06:24:00.000 1 1 37.40752930580063 -173.2511083090216 23230057.092167214
2013-05-08 06:25:30.000 1 1 36.95174798093074 -173.0645816524978 23229893.418715056
2013-05-08 06:27:00.000 1 1 36.49333469827459 -172.88475444846193 23229729.564268533
2013-05-08 06:28:30.000 1 1 36.0323632803878 -172.7114745692733 23229565.61041853
2013-05-08 06:30:00.000 1 1 35.56890557992708 -172.5445920257071 23229401.638804592
2013-05-08 06:31:30.000 1 1 35.103031532337205 -172.3839583522494 23229237.731074236
2013-05-08 06:33:00.000 1 1 34.634809208313676 -172.2294276681763 23229073.96884231
2013-05-08 06:34:30.000 1 1 34.164304865784665 -172.0808560444165 23228910.4336503
2013-05-08 06:36:00.000 1 1 33.69158300116344 -171.93810170320634 23228747.20692572
2013-05-08 06:37:30.000 1 1 33.21670640071565 -171.8010250439909 23228584.369941805
2013-05-08 06:39:00.000 1 1 32.73973618981289 -171.66948865523088 23228422.003776737
2013-05-08 06:40:30.000 1 1 32.2607318820037 -171.5433574970134 23228260.18927325
2013-05-08 06:42:00.000 1 1 31.779751428814368 -171.42249822977223 23228099.006998863
2013-05-08 06:43:30.000 1 1 31.296851265705286 -171.30678022225337 23227938.537205245
2013-05-08 06:45:00.000 1 1 30.81208635929137 -171.19607486909848 23227778.859788485
2013-05-08 06:46:30.000 1 1 30.325510253475695 -171.09025575164108 23227620.054249477
2013-05-08 06:48:00.000 1 1 29.837175113193666 -170.98919862010175 23227462.199654046
2013-05-08 06:49:30.000 1 1 29.34713176875779 -170.8927813739509 23227305.374593765
2013-05-08 06:51:00.000 1 1 28.85542975842326 -170.8008842085185 23227149.657146845
2013-05-08 06:52:30.000 1 1 28.36211737011575 -170.7133889155776 23226995.12483927
2013-05-08 06:54:00.000 1 1 27.867241682162156 -170.63017986628955 23226841.85460616
2013-05-08 06:55:30.000 1 1 27.37084860286382 -170.55114330570672 23226689.92275352
2013-05-08 06:57:00.000 1 1 26.872982909889885 -170.47616749021117 23226539.404920425
2013-05-08 06:58:30.000 1 1 26.373688287232543 -170.40514265223376 23226390.376041092
2013-05-08 07:00:00.000 1 1 25.87300736183047 -170.33796096402037 23226242.910307657
2013-05-08 07:01:30.000 1 1 25.37098174087033 -170.27451667108477 23226097.08113361
2013-05-08 07:03:00.000 1 1 24.867652045044807 -170.21470537753757 23225952.96111682
2013-05-08 07:04:30.000 1 1 24.363057943163042 -170.158425018427 23225810.622003604
2013-05-08 07:06:00.000 1 1 23.857238185695333 -170.105575146134 23225670.134653162
2013-05-08 07:07:30.000 1 1 23.35023063610857 -170.05605705871344 23225531.569002137
2013-05-08 07:09:00.000 1 1 22.842072302146978 -170.00977375482907 23225394.994029783
2013-05-08 07:10:30.000 1 1 22.33279936692625 -169.9666298975319 23225260.47772384
2013-05-08 07:12:00.000 1 1 21.822447218539097 -169.92653176846363 23225128.087046746
2013-05-08 07:13:30.000 1 1 21.311050478016938 -169.8893873942341 23224997.88790208
2013-05-08 07:15:00.000 1 1 20.798643027832178 -169.8551058332947 23224869.94510192
2013-05-08 07:16:30.000 1 1 20.285258039642084 -169.82359813874118 23224744.32233475
2013-05-08 07:18:00.000 1 1 19.77092799995301 -169.79477664779475 23224621.082133573
2013-05-08 07:19:30.000 1 1 19.25568473572857 -169.76855510371144 23224500.28584472
2013-05-08 07:21:00.000 1 1 18.73955944098385 -169.74484861623606 23224381.9935978
2013-05-08 07:22:30.000 1 1 18.22258269951546 -169.7235736177602 23224266.26427533
2013-05-08 07:24:00.000 1 1 17.704784509497813 -169.70464799152447 23224153.155483674
2013-05-08 07:25:30.000 1 1 17.186194306274018 -169.68799035491944 23224042.723524313
2013-05-08 07:27:00.000 1 1 16.666840985723244 -169.67352102994914 23223935.02336606
2013-05-08 07:28:30.000 1 1 16.146752924505044 -169.66116132736053 23223830.108617306
2013-05-08 07:30:00.000 1 1 15.625958002955334 -169.6508336752862 23223728.031499762
2013-05-08 07:31:30.000 1 1 15.104483625752172 -169.6424615803359 23223628.842822418
2013-05-08 07:33:00.000 1 1 14.582356741378566 -169.6359695833323 23223532.591956083
2013-05-08 07:34:30.000 1 1 14.059603862444366 -169.63128339324086 23223439.326809
2013-05-08 07:36:00.000 1 1 13.536251085704464 -169.6283291721514 23223349.093803123
2013-05-08 07:37:30.000 1 1 13.01232410923046 -169.62703450683352 23223261.93785073
2013-05-08 07:39:00.000 1 1 12.487848252384346 -169.62732769511882 23223177.902332358
2013-05-08 07:40:30.000 1 1 11.962848473670983 -169.62913788084848 23223097.029075254
2013-05-08 07:42:00.000 1 1 11.437349387504854 -169.63239501191765 23223019.35833234
2013-05-08 07:43:30.000 1 1 10.911375282136342 -169.63702980502896 23222944.92876244
2013-05-08 07:45:00.000 1 1 10.384950136190492 -169.6429738766905 23222873.777410924
2013-05-08 07:46:30.000 1 1 9.858097636064395 -169.6501590336758 23222805.939691447
2013-05-08 07:48:00.000 1 1 9.330841190424241 -169.6585182467562 23222741.449368082
2013-05-08 07:49:30.000 1 1 8.803203947657927 -169.66798494109992 23222680.3385388
2013-05-08 07:51:00.000 1 1 8.275208811323045 -169.67849313001858 23222622.637619436
2013-05-08 07:52:30.000 1 1 7.746878454632715 -169.68997737872263 23222568.375328474
2013-05-08 07:54:00.000 1 1 7.218235336062479 -169.70237277131358 23222517.5786729
2013-05-08 07:55:30.000 1 1 6.689301714893406 -169.7156150410718 23222470.272934724
2013-05-08 07:57:00.000 1 1 6.160099664119013 -169.72963986756406 23222426.481658366
2013-05-08 07:58:30.000 1 1 5.630651086594893 -169.7443838486507 23222386.226639055
2013-05-08 08:00:00.000 1 1 5.100977728239703 -169.75978379484405 23222349.527911916
2013-05-08 08:01:30.000 1 1 4.571101192960426 -169.7757768656658 23222316.40374208
2013-05-08 08:03:00.000 1 1 4.041042955519874 -169.79230053185123 23222286.870615542
2013-05-08 08:04:30.000 1 1 3.510824375815477 -169.8092925475082 23222260.94323097
2013-05-08 08:06:00.000 1 1 2.980466713204557 -169.82669108169222 23222238.634492487
2013-05-08 08:07:30.000 1 1 2.449991138296341 -169.84443401497566 23222219.95550313
2013-05-08 08:09:00.000 1 1 1.9194187479316955 -169.8624599123889 23222204.915559426
2013-05-08 08:10:30.000 1 1 1.388770578351876 -169.88070732326588 23222193.522146758
2013-05-08 08:12:00.000 1 1 0.8580676176070398 -169.89911491250828 23222185.780935593
2013-05-08 08:13:30.000 1 1 0.32733081946890824 -169.9176214301018 23222181.695778728
2013-05-08 08:15:00.000 1 1 -0.20341888355975996 -169.93616567834766 23222181.26870934
2013-05-08 08:16:30.000 1 1 -0.7341605670862632 -169.9546866475937 23222184.49993997
2013-05-08 08:18:00.000 1 1 -1.2648733016781646 -169.973122811499 23222191.387862444
2013-05-08 08:19:30.000 1 1 -1.7955361398808087 -169.99141310314127 23222201.929048665
2013-05-08 08:21:00.000 1 1 -2.3261281023495943 -170.0094962107014 23222216.118252296
2013-05-08 08:22:30.000 1 1 -2.8566281656776873 -170.02731071218219 23222233.948411375
2013-05-08 08:24:00.000 1 1 -3.3870152486168617 -170.04479504474148 23222255.410651863
2013-05-08 08:25:30.000 1 1 -3.9172681980618327 -170.06188746909868 23222280.49429197
2013-05-08 08:27:00.000 1 1 -4.4473657773762865 -170.07852620748676 23222309.186847568
2013-05-08 08:28:30.000 1 1 -4.9772866513394955 -170.09464873825607 23222341.474038333
2013-05-08 08:30:00.000 1 1 -5.5070093727139655 -170.11019277012684 23222377.339794822
2013-05-08 08:31:30.000 1 1 -6.036512369379434 -170.12509553856526 23222416.766266525
2013-05-08 08:33:00.000 1 1 -6.565773929772655 -170.13929393706496 23222459.733830675
2013-05-08 08:34:30.000 1 1 -7.094772189036563 -170.15272448847358 23222506.221102044
2013-05-08 08:36:00.000 1 1 -7.62348511482648 -170.1653233075359 23222556.204943568
2013-05-08 08:37:30.000 1 1 -8.151890492930354 -170.1770262367575 23222609.66047779
2013-05-08 08:39:00.000 1 1 -8.679965912859226 -170.18776813817453 23222666.561099328
2013-05-08 08:40:30.000 1 1 -9.20768875235891 -170.1974838704036 23222726.878487974
2013-05-08 08:42:00.000 1 1 -9.735036163408921 -170.20610757827833 23222790.582622882
2013-05-08 08:43:30.000 1 1 -10.26198505624834 -170.21357282757546 23222857.64179742
2013-05-08 08:45:00.000 1 1 -10.788512083994771 -170.21981256925105 23222928.022634976
2013-05-08 08:46:30.000 1 1 -11.314593626805904 -170.2247591034751 23223001.690105498
2013-05-08 08:48:00.000 1 1 -11.840205775738454 -170.2283442128979 23223078.607542947
2013-05-08 08:49:30.000 1 1 -12.365324316457887 -170.23049845124743 23223158.736663546
2013-05-08 08:51:00.000 1 1 -12.889924711753972 -170.23115211809932 23223242.037584655
2013-05-08 08:52:30.000 1 1 -13.413982085411558 -170.23023454713274 23223328.468844857
2013-05-08 08:54:00.000 1 1 -13.937471203993706 -170.22767423842862 23223417.98742435
2013-05-08 08:55:30.000 1 1 -14.460366459086787 -170.22339881945607 23223510.54876642
2013-05-08 08:57:00.000 1 1 -14.982641848960567 -170.21733500553657 23223606.10679959
2013-05-08 08:58:30.000 1 1 -15.504270959965053 -170.20940856478447 23223704.613960553
2013-05-08 09:00:00.000 1 1 -16.025226946623963 -170.19954444391067 23223806.021217685
2013-05-08 09:01:30.000 1 1 -16.54548251295531 -170.18766605863482 23223910.2780956
2013-05-08 09:03:00.000 1 1 -17.06500989142748 -170.17369625909518 23224017.332700092
2013-05-08 09:04:30.000 1 1 -17.58378082326669 -170.15755662149706 23224127.131744184
2013-05-08 09:06:00.000 1 1 -18.10176653551881 -170.1391675732227 23224239.620574214
2013-05-08 09:07:30.000 1 1 -18.618937720938938 -170.11844835216755 23224354.743197374
2013-05-08 09:09:00.000 1 1 -19.13526451493049 -170.09531696581664 23224472.442309443
2013-05-08 09:10:30.000 1 1 -19.650716472056963 -170.06969031825125 23224592.65932313
2013-05-08 09:12:00.000 1 1 -20.165262543276306 -170.0414834953562 23224715.334397435
2013-05-08 09:13:30.000 1 1 -20.6788710518509 -170.010610731288 23224840.406467408
2013-05-08 09:15:00.000 1 1 -21.19150966691661 -169.97698469510314 23224967.813274197
2013-05-08 09:16:30.000 1 1 -21.70314537954429 -169.94051661496633 23225097.491396368
2013-05-08 09:18:00.000 1 1 -22.213744475739087 -169.90111623775312 23225229.37628134
2013-05-08 09:19:30.000 1 1 -22.723272508876736 -169.85869178328403 23225363.402277313
2013-05-08 09:21:00.000 1 1 -23.231694272877267 -169.81315007415822 23225499.5026662
2013-05-08 09:22:30.000 1 1 -23.73897377276643 -169.7643958180195 23225637.609696615
2013-05-08 09:24:00.000 1 1 -24.24507419625735 -169.71233257441085 23225777.654617775
2013-05-08 09:25:30.000 1 1 -24.7499578818615 -169.6568620432029 23225919.56771333
2013-05-08 09:27:00.000 1 1 -25.253586289457004 -169.59788418611961 23226063.27833643
2013-05-08 09:28:30.000 1 1 -25.755919967674362 -169.5352971913266 23226208.71494474
2013-05-08 09:30:00.000 1 1 -26.25691852056783 -169.4689974298351 23226355.80513581
2013-05-08 09:31:30.000 1 1 -26.756540574689677 -169.39887958510877 23226504.475683436
2013-05-08 09:33:00.000 1 1 -27.25474374457786 -169.3248359404274 23226654.65257407
2013-05-08 09:34:30.000 1 1 -27.751484595682363 -169.2467573538096 23226806.261043213
2013-05-08 09:36:00.000 1 1 -28.246718609425372 -169.16453254548526 23226959.225613125
2013-05-08 09:37:30.000 1 1 -28.740400144852323 -169.07804823329957 23227113.470130116
2013-05-08 09:39:00.000 1 1 -29.232482400439558 -168.98718909922493 23227268.917802557
2013-05-08 09:40:30.000 1 1 -29.72291737394928 -168.891837758756 23227425.491238885
2013-05-08 09:42:00.000 1 1 -30.211655822735224 -168.79187490079116 23227583.11248633
2013-05-08 09:43:30.000 1 1 -30.698647222400623 -168.68717858642296 23227741.703069836
2013-05-08 09:45:00.000 1 1 -31.183839722876947 -168.5776252381159 23227901.184030607
2013-05-08 09:46:30.000 1 1 -31.667180106531845 -168.46308894418476 23228061.47596589
2013-05-08 09:48:00.000 1 1 -32.148613743065305 -168.34344161275365 23228222.49906836
2013-05-08 09:49:30.000 1 1 -32.62808454360832 -168.21855295601515 23228384.173165645
2013-05-08 09:51:00.000 1 1 -33.105534915127755 -168.0882904863351 23228546.417760484
2013-05-08 09:52:30.000 1 1 -33.58090571311588 -167.9525196774428 23228709.152070817
2013-05-08 09:54:00.000 1 1 -34.054136192773726 -167.81110329619685 23228872.295069776
2013-05-08 09:55:30.000 1 1 -34.52516395997499 -167.6639024206506 23229035.765526056
2013-05-08 09:57:00.000 1 1 -34.99392492219234 -167.51077577785384 23229199.48204455
2013-05-08 09:58:30.000 1 1 -35.4603532374451 -167.35157993937383 23229363.36310679
2013-05-08 10:00:00.000 1 1 -35.924381262585804 -167.18616934790475 23229527.32711132
2013-05-08 10:01:30.000 1 1 -36.385939502206995 -167.01439635626065 23229691.29241461
2013-05-08 10:03:00.000 1 1 -36.844956556423035 -166.83611144274414 23229855.17737179
2013-05-08 10:04:30.000 1 1 -37.301359066763055 -166.65116259824455 23230018.900376752
2013-05-08 10:06:00.000 1 1 -37.75507166463303 -166.4593964018996 23230182.379903406
2013-05-08 10:07:30.000 1 1 -38.20601691752763 -166.26065743023366 23230345.53454602
2013-05-08 10:09:00.000 1 1 -38.65411527541502 -166.0547885195206 23230508.28305961
2013-05-08 10:10:30.000 1 1 -39.09928501847264 -165.84163087221313 23230670.54440063
2013-05-08 10:12:00.000 1 1 -39.54144220444136 -165.6210241810015 23230832.237767424
2013-05-08 10:13:30.000 1 1 -39.980500615985285 -165.39280693261716 23230993.28264019
2013-05-08 10:15:00.000 1 1 -40.41637170945207 -165.1568158963766 23231153.598821107
2013-05-08 10:16:30.000 1 1 -40.84896456540467 -164.91288730219273 23231313.106474526
2013-05-08 10:18:00.000 1 1 -41.27818583935647 -164.66085636586817 23231471.72616663
2013-05-08 10:19:30.000 1 1 -41.70393971404975 -164.40055766917826 23231629.37890474
2013-05-08 10:21:00.000 1 1 -42.126127855682924 -164.13182540026003 23231785.986177254
2013-05-08 10:22:30.000 1 1 -42.544649369857815 -163.85449361288178 23231941.469992206
2013-05-08 10:24:00.000 1 1 -42.959400761711045 -163.5683965139866 23232095.752916258
2013-05-08 10:25:30.000 1 1 -43.370275899781404 -163.27336894336747 23232248.758113503
2013-05-08 10:27:00.000 1 1 -43.777165982329336 -162.96924604136225 23232400.409383535
2013-05-08 10:28:30.000 1 1 -44.17995950865457 -162.6558646291287 23232550.631199542
2013-05-08 10:30:00.000 1 1 -44.57854225421775 -162.3330629350349 23232699.348745674
2013-05-08 10:31:30.000 1 1 -44.97279725302504 -162.00068119365204 23232846.487954825
2013-05-08 10:33:00.000 1 1 -45.362604783444766 -161.6585621121795 23232991.97554512
2013-05-08 10:34:30.000 1 1 -45.747842361921755 -161.3065513702126 23233135.73905645
2013-05-08 10:36:00.000 1 1 -46.12838474443797 -160.94449831948404 23233277.706886865
2013-05-08 10:37:30.000 1 1 -46.504103934937845 -160.57225588213836 23233417.80832808
2013-05-08 10:39:00.000 1 1 -46.87486920240464 -160.18968216811155 23233555.973600563
2013-05-08 10:40:30.000 1 1 -47.24054710916761 -159.79664044265388 23233692.133888748
2013-05-08 10:42:00.000 1 1 -47.60100154712641 -159.39299997945471 23233826.22137491
2013-05-08 10:43:30.000 1 1 -47.95609378710967 -158.97863677341542 23233958.169273205
2013-05-08 10:45:00.000 1 1 -48.30568253898255 -158.5534343016297 23234087.91186279
2013-05-08 10:46:30.000 1 1 -48.64962402596283 -158.117284476608 23234215.384520788
2013-05-08 10:48:00.000 1 1 -48.98777207159 -157.67008780329328 23234340.523754396
2013-05-08 10:49:30.000 1 1 -49.31997820196835 -157.21175524208462 23234463.26723252
2013-05-08 10:51:00.000 1 1 -49.64609176345446 -156.74220842948262 23234583.55381689
2013-05-08 10:52:30.000 1 1 -49.96596005685619 -156.26138076207062 23234701.323592555
2013-05-08 10:54:00.000 1 1 -50.27942848833368 -155.7692183388207 23234816.517897658
2013-05-08 10:55:30.000 1 1 -50.58634073932781 -155.2656809233746 23234929.079352822
2013-05-08 10:57:00.000 1 1 -50.88653895422968 -154.75074309180704 23235038.951889735
2013-05-08 10:58:30.000 1 1 -51.17986394730958 -154.22439455124228 23235146.080778908
2013-05-08 11:00:00.000 1 1 -51.46615543083824 -153.6866421400092 23235250.412657347
2013-05-08 11:01:30.000 1 1 -51.74525226153738 -153.13751015046455 23235351.89555481
2013-05-08 11:03:00.000 1 1 -52.01699270912061 -152.57704147782425 23235450.47891992
2013-05-08 11:04:30.000 1 1 -52.28121474450242 -152.0052985858417 23235546.11364521
2013-05-08 11:06:00.000 1 1 -52.537756349642564 -151.4223644437437 23235638.75209183
2013-05-08 11:07:30.000 1 1 -52.78645584693431 -150.8283435922508 23235728.348113146
2013-05-08 11:09:00.000 1 1 -53.02715224904262 -150.22336232919193 23235814.8570778
2013-05-08 11:10:30.000 1 1 -53.259685628000355 -149.60757050948118 23235898.23589198
2013-05-08 11:12:00.000 1 1 -53.48389750282915 -148.98114160159002 23235978.44302093
2013-05-08 11:13:30.000 1 1 -53.699631244101255 -148.34427349847078 23236055.43850956
2013-05-08 11:15:00.000 1 1 -53.90673249511677 -147.69718907366183 23236129.184002526
2013-05-08 11:16:30.000 1 1 -54.10504960654565 -147.04013662790902 23236199.642763264
2013-05-08 11:18:00.000 1 1 -54.29443408367266 -146.37339039168086 23236266.77969235
2013-05-08 11:19:30.000 1 1 -54.47474104356089 -145.69725006094095 23236330.561345
2013-05-08 11:21:00.000 1 1 -54.64582967969787 -145.0120418718765 23236390.95594774
2013-05-08 11:22:30.000 1 1 -54.80756373140775 -144.3181178563503 23236447.933414277
2013-05-08 11:24:00.000 1 1 -54.959811954710325 -143.61585577572686 23236501.46536046
2013-05-08 11:25:30.000 1 1 -55.10244859218467 -142.90565872592467 23236551.52511852
2013-05-08 11:27:00.000 1 1 -55.23535383736919 -142.18795457587603 23236598.08775032
2013-05-08 11:28:30.000 1 1 -55.35841429093095 -141.46319540205454 23236641.130059782
2013-05-08 11:30:00.000 1 1 -55.47152340460559 -140.73185590508086 23236680.630604513
2013-05-08 11:31:30.000 1 1 -55.574581909220434 -139.99443333830695 23236716.56970644
2013-05-08 11:33:00.000 1 1 -55.667498223074624 -139.25144557967172 23236748.92946168
2013-05-08 11:34:30.000 1 1 -55.75018883678605 -138.5034298801014 23236777.693749413
2013-05-08 11:36:00.000 1 1 -55.8225786714341 -137.75094128160623 23236802.84824
2013-05-08 11:37:30.000 1 1 -55.88460140592914 -136.9945508831289 23236824.380402062
2013-05-08 11:39:00.000 1 1 -55.93619977082243 -136.2348441423558 23236842.279508792
2013-05-08 11:40:30.000 1 1 -55.97732580538703 -135.47241820324535 23236856.53664323
2013-05-08 11:42:00.000 1 1 -56.007941075351916 -134.70788080179986 23236867.144702822
2013-05-08 11:43:30.000 1 1 -56.02801684894834 -133.94184739409414 23236874.09840282
2013-05-08 11:45:00.000 1 1 -56.037534229535716 -133.1749390575644 23236877.394279066
2013-05-08 11:46:30.000 1 1 -56.03648424318449 -132.40778016756315 23236877.030689605
2013-05-08 11:48:00.000 1 1 -56.02486788041109 -131.64099604434472 23236873.00781558
2013-05-08 11:49:30.000 1 1 -56.00269609158836 -130.87521076380136 23236865.32766111
2013-05-08 11:51:00.000 1 1 -55.9699897360208 -130.11104413220954 23236853.99405227
2013-05-08 11:52:30.000 1 1 -55.92677948529386 -129.34911038587046 23236839.012635227
2013-05-08 11:54:00.000 1 1 -55.87310568199091 -128.59001526060766 23236820.39087339
2013-05-08 11:55:30.000 1 1 -55.80901815511084 -127.8343539788833 23236798.138043713
2013-05-08 11:57:00.000 1 1 -55.73457599426805 -127.0827091638913 23236772.265232008
2013-05-08 11:58:30.000 1 1 -55.6498472853105 -126.33564887194257 23236742.785327516
2013-05-08 12:00:00.000 1 1 -55.554908809370055 -125.59372490882701 23236709.71301639
2013-05-08 12:01:30.000 1 1 -55.44984570912533 -124.85747046109128 23236673.064774364
2013-05-08 12:03:00.000 1 1 -55.33475112531147 -124.1273995519021 23236632.858858645
2013-05-08 12:04:30.000 1 1 -55.20972580661099 -123.40400497926015 23236589.11529866
2013-05-08 12:06:00.000 1 1 -55.07487769727486 -122.68775726682236 23236541.855886154
2013-05-08 12:07:30.000 1 1 -54.930321505377215 -121.97910361000413 23236491.104164265
2013-05-08 12:09:00.000 1 1 -54.776178256615296 -121.2784670106286 23236436.885415874
2013-05-08 12:10:30.000 1 1 -54.61257483576019 -120.5862455695822 23236379.22665086
2013-05-08 12:12:00.000 1 1 -54.43964352095302 -119.90281212943545 23236318.15659272
2013-05-08 12:13:30.000 1 1 -54.25752151377244 -119.22851323999892 23236253.705664247
2013-05-08 12:15:00.000 1 1 -54.06635046798186 -118.56366996717628 23236185.9059723
2013-05-08 12:16:30.000 1 1 -53.86627602077689 -117.90857717085868 23236114.79129172
2013-05-08 12:18:00.000 1 1 -53.65744732999639 -117.26350377519223 23236040.397048734
2013-05-08 12:19:30.000 1 1 -53.44001661811554 -116.62869299788248 23235962.760303017
2013-05-08 12:21:00.000 1 1 -53.21413872765526 -116.00436270898808 23235881.919729337
2013-05-08 12:22:30.000 1 1 -52.97997068877732 -115.39070607024232 23235797.91559821
2013-05-08 12:24:00.000 1 1 -52.73767130196512 -114.7878914341717 23235710.789755967
2013-05-08 12:25:30.000 1 1 -52.48740073572932 -114.19606401441276 23235620.585603576
2013-05-08 12:27:00.000 1 1 -52.22932014333339 -113.61534595559334 23235527.34807527
2013-05-08 12:28:30.000 1 1 -51.96359129742909 -113.04583731057762 23235431.123616103
2013-05-08 12:30:00.000 1 1 -51.69037624381083 -112.48761689897385 23235331.960158657
2013-05-08 12:31:30.000 1 1 -51.40983697594449 -111.94074322038041 23235229.907099176
2013-05-08 12:33:00.000 1 1 -51.12213513003286 -111.40525556553557 23235125.015273098
2013-05-08 12:34:30.000 1 1 -50.827431700019986 -110.88117430987366 23235017.33692947
2013-05-08 12:36:00.000 1 1 -50.525886773697806 -110.36850290972717 23234906.925704945
2013-05-08 12:37:30.000 1 1 -50.21765928972669 -109.86722822043599 23234793.83659716
2013-05-08 12:39:00.000 1 1 -49.902906814484325 -109.37732166346026 23234678.125937287
2013-05-08 12:40:30.000 1 1 -49.58178533813381 -108.89874020939885 23234559.851361796
2013-05-08 12:42:00.000 1 1 -49.2544490906897 -108.43142735663304 23234439.07178382
2013-05-08 12:43:30.000 1 1 -48.92105037678692 -107.97531425944264 23234315.847363904
2013-05-08 12:45:00.000 1 1 -48.58173942677151 -107.53031999043486 23234190.23947967
2013-05-08 12:46:30.000 1 1 -48.236664266895176 -107.0963534636753 23234062.310695514
2013-05-08 12:48:00.000 1 1 -47.885970604701185 -106.67331364534903 23233932.124731444
2013-05-08 12:49:30.000 1 1 -47.52980172931967 -106.26109057256528 23233799.74643103
2013-05-08 12:51:00.000 1 1 -47.16829842717795 -105.85956617252867 23233665.24172928
2013-05-08 12:52:30.000 1 1 -46.80159891138014 -105.46861504837608 23233528.677619845
2013-05-08 12:54:00.000 1 1 -46.42983876289612 -105.08810538973374 23233390.122121412
2013-05-08 12:55:30.000 1 1 -46.053150884201905 -104.71789901597758 23233249.644243818
2013-05-08 12:57:00.000 1 1 -45.67166546444653 -104.35785305549783 23233107.313953847
2013-05-08 12:58:30.000 1 1 -45.28550995433623 -104.00781991074555 23232963.202140298
2013-05-08 13:00:00.000 1 1 -44.89480904975078 -103.66764802563156 23232817.380578455
2013-05-08 13:01:30.000 1 1 -44.49968468494224 -103.33718244530617 23232669.921894487
2013-05-08 13:03:00.000 1 1 -44.100256033729785 -103.01626534905375 23232520.89952939
2013-05-08 13:04:30.000 1 1 -43.696639515995656 -102.70473670424501 23232370.387701932
2013-05-08 13:06:00.000 1 1 -43.2889488130769 -102.40243405724078 23232218.461372104
2013-05-08 13:07:30.000 1 1 -42.877294887674424 -102.109193963235 23232065.19620371
2013-05-08 13:09:00.000 1 1 -42.4617860083935 -101.8248517117242 23231910.668526415
2013-05-08 13:10:30.000 1 1 -42.042527780097544 -101.54924185549604 23231754.955297917
2013-05-08 13:12:00.000 1 1 -41.61962317754082 -101.28219854652541 23231598.13406551
2013-05-08 13:13:30.000 1 1 -41.193172583546705 -101.02355584406996 23231440.282927684
2013-05-08 13:15:00.000 1 1 -40.763273828228584 -100.77314816180788 23231281.4804947
2013-05-08 13:16:30.000 1 1 -40.330022233529725 -100.53080985367892 23231121.805849917
2013-05-08 13:18:00.000 1 1 -39.893510658689955 -100.29637645515393 23230961.33851031
2013-05-08 13:19:30.000 1 1 -39.4538295470611 -100.06968422069889 23230800.15838662
2013-05-08 13:21:00.000 1 1 -39.01106697564906 -99.85057048233926 23230638.345743697
2013-05-08 13:22:30.000 1 1 -38.56530870611293 -99.63887382253952 23230475.98116074
2013-05-08 13:24:00.000 1 1 -38.11663823474665 -99.4344342209538 23230313.145490598
2013-05-08 13:25:30.000 1 1 -37.665136846119566 -99.23709336481372 23230149.91982008
2013-05-08 13:27:00.000 1 1 -37.21088366492852 -99.0466940911814 23229986.385429207
2013-05-08 13:28:30.000 1 1 -36.753955709787505 -98.8630815024692 23229822.62375103
2013-05-08 13:30:00.000 1 1 -36.29442794553108 -98.68610238524211 23229658.716330733
2013-05-08 13:31:30.000 1 1 -35.8323733369729 -98.51560545368943 23229494.744785227
2013-05-08 13:33:00.000 1 1 -35.36786290175133 -98.35144142103832 23229330.790762525
2013-05-08 13:34:30.000 1 1 -34.9009657630178 -98.19346305159972 23229166.93590099
2013-05-08 13:36:00.000 1 1 -34.43174920155073 -98.04152520788391 23229003.261788696
2013-05-08 13:37:30.000 1 1 -33.96027870811254 -97.89548505575792 23228839.84992299
2013-05-08 13:39:00.000 1 1 -33.486618033664094 -97.75520141920272 23228676.78166962
2013-05-08 13:40:30.000 1 1 -33.01082924026406 -97.6205358098965 23228514.138222363
2013-05-08 13:42:00.000 1 1 -32.532972751382516 -97.4913517689056 23228352.000562817
2013-05-08 13:43:30.000 1 1 -32.053107399223975 -97.36751504010712 23228190.449419565
2013-05-08 13:45:00.000 1 1 -31.57129047430212 -97.24889357273273 23228029.56522855
2013-05-08 13:46:30.000 1 1 -31.08757777162745 -97.13535751770854 23227869.428092644
2013-05-08 13:48:00.000 1 1 -30.60202363768932 -97.02677938382422 23227710.117742114
2013-05-08 13:49:30.000 1 1 -30.114681014751852 -96.92303335604673 23227551.713494558
2013-05-08 13:51:00.000 1 1 -29.625601485755002 -96.82399628351318 23227394.294215713
2013-05-08 13:52:30.000 1 1 -29.13483531744355 -96.72954698921893 23227237.938280087
2013-05-08 13:54:00.000 1 1 -28.64243150266068 -96.63956641024612 23227082.72353197
2013-05-08 13:55:30.000 1 1 -28.148437801483478 -96.55393757589057 23226928.72724667
2013-05-08 13:57:00.000 1 1 -27.652900782167876 -96.47254557535705 23226776.02609223
2013-05-08 13:58:30.000 1 1 -27.155865859488976 -96.39527769482066 23226624.696090993
2013-05-08 14:00:00.000 1 1 -26.6573773338674 -96.32202271373002 23226474.81258201
2013-05-08 14:01:30.000 1 1 -26.1574784277367 -96.25267187378452 23226326.450183284
2013-05-08 14:03:00.000 1 1 -25.656211323546625 -96.18711817652607 23226179.682755098
2013-05-08 14:04:30.000 1 1 -25.153617197558187 -96.12525650853561 23226034.583362818
2013-05-08 14:06:00.000 1 1 -24.649736254978105 -96.06698360472642 23225891.224240698
2013-05-08 14:07:30.000 1 1 -24.14460776401778 -96.01219800857767 23225749.676756117
2013-05-08 14:09:00.000 1 1 -23.63827008756887 -95.96080020018547 23225610.011373777
2013-05-08 14:10:30.000 1 1 -23.130760715637628 -95.91269188091245 23225472.297620837
2013-05-08 14:12:00.000 1 1 -22.6221162960948 -95.8677769427778 23225336.604052298
2013-05-08 14:13:30.000 1 1 -22.11237266474668 -95.82596075292976 23225202.99821687
2013-05-08 14:15:00.000 1 1 -21.601564874584675 -95.78715027958262 23225071.54662343
2013-05-08 14:16:30.000 1 1 -21.08972722406822 -95.75125405102872 23224942.314707823
2013-05-08 14:18:00.000 1 1 -20.57689328546512 -95.71818211001708 23224815.366800547
2013-05-08 14:19:30.000 1 1 -20.063095930935493 -95.68784614370867 23224690.766094513
2013-05-08 14:21:00.000 1 1 -19.548367358545708 -95.66015876478168 23224568.574613612
2013-05-08 14:22:30.000 1 1 -19.032739119254 -95.63503448189529 23224448.853182215
2013-05-08 14:24:00.000 1 1 -18.51624214002221 -95.61238898010701 23224331.661394488
2013-05-08 14:25:30.000 1 1 -17.998906748609546 -95.59213925129798 23224217.057584994
2013-05-08 14:27:00.000 1 1 -17.480762697562383 -95.57420355161783 23224105.09879975
2013-05-08 14:28:30.000 1 1 -16.9618391860652 -95.55850135827882 23223995.840767603
2013-05-08 14:30:00.000 1 1 -16.442164882880842 -95.54495349829251 23223889.337872766
2013-05-08 14:31:30.000 1 1 -15.921767947872674 -95.53348143365287 23223785.643127635
2013-05-08 14:33:00.000 1 1 -15.400676053141687 -95.52400823193324 23223684.8081465
2013-05-08 14:34:30.000 1 1 -14.87891640363162 -95.51645785131498 23223586.883119844
2013-05-08 14:36:00.000 1 1 -14.356515757052737 -95.51075527005386 23223491.916789398
2013-05-08 14:37:30.000 1 1 -13.833500444167628 -95.50682644736966 23223399.95642399
2013-05-08 14:39:00.000 1 1 -13.309896387074694 -95.50459828359246 23223311.047795907
2013-05-08 14:40:30.000 1 1 -12.78572911772072 -95.5039987507894 23223225.235158134
2013-05-08 14:42:00.000 1 1 -12.26102379769495 -95.50495618078561 23223142.56122257
2013-05-08 14:43:30.000 1 1 -11.735805234367197 -95.50740023718129 23223063.06713857
2013-05-08 14:45:00.000 1 1 -11.210097899026275 -95.51126120451127 23222986.792472526
2013-05-08 14:46:30.000 1 1 -10.68392594447907 -95.51647012138021 23222913.77518836
2013-05-08 14:48:00.000 1 1 -10.157313220753188 -95.52295873930281 23222844.05162844
2013-05-08 14:49:30.000 1 1 -9.630283292350644 -95.53065949192937 23222777.65649565
2013-05-08 14:51:00.000 1 1 -9.102859453296555 -95.53950562245657 23222714.622836
2013-05-08 14:52:30.000 1 1 -8.575064744638567 -95.54943047926486 23222654.982022475
2013-05-08 14:54:00.000 1 1 -8.046921968226505 -95.56036848671889 23222598.76373913
2013-05-08 14:55:30.000 1 1 -7.518453702633558 -95.57225443700604 23222545.995966505
2013-05-08 14:57:00.000 1 1 -6.989682318660022 -95.58502362758682 23222496.704967722
2013-05-08 14:58:30.000 1 1 -6.46062999322703 -95.59861182267619 23222450.915275354
2013-05-08 15:00:00.000 1 1 -5.931318723743249 -95.61295522045751 23222408.649679236
2013-05-08 15:01:30.000 1 1 -5.401770343999593 -95.62799058805393 23222369.929215252
2013-05-08 15:03:00.000 1 1 -4.872006536602534 -95.64365455427844 23222334.773154754
2013-05-08 15:04:30.000 1 1 -4.342048847828502 -95.65988458532705 23222303.198995043
2013-05-08 15:06:00.000 1 1 -3.8119187011185995 -95.67661827887481 23222275.222450636
2013-05-08 15:07:30.000 1 1 -3.281637411646951 -95.69379349966782 23222250.85744555
2013-05-08 15:09:00.000 1 1 -2.751226198174947 -95.7113483451589 23222230.11610621
2013-05-08 15:10:30.000 1 1 -2.2207061980841676 -95.7292211152565 23222213.008755602
2013-05-08 15:12:00.000 1 1 -1.6900984805901975 -95.74735044390833 23222199.54390806
2013-05-08 15:13:30.000 1 1 -1.1594240591878135 -95.76567459852292 23222189.728264995
2013-05-08 15:15:00.000 1 1 -0.6287039054187632 -95.7841324524417 23222183.56671165
2013-05-08 15:16:30.000 1 1 -0.09795896259337586 -95.80266278345769 23222181.062314622
2013-05-08 15:18:00.000 1 1 0.432789841904195 -95.82120440497327 23222182.21632034
2013-05-08 15:19:30.000 1 1 0.9635215836358807 -95.83969613849472 23222187.02815446
2013-05-08 15:21:00.000 1 1 1.4942153264017228 -95.85807677860812 23222195.495422125
2013-05-08 15:22:30.000 1 1 2.0248501108080097 -95.87628506092705 23222207.613909215
2013-05-08 15:24:00.000 1 1 2.5554049402131196 -95.89425979837112 23222223.377584364
2013-05-08 15:25:30.000 1 1 3.085858767843473 -95.91193917484107 23222242.778602008
2013-05-08 15:27:00.000 1 1 3.6161904826429594 -95.92926172432665 23222265.807306252
2013-05-08 15:28:30.000 1 1 4.146378897645893 -95.94616562224107 23222292.452235717
2013-05-08 15:30:00.000 1 1 4.676402734978541 -95.96258882305614 23222322.700129203
2013-05-08 15:31:30.000 1 1 5.206240612490423 -95.97846902680371 23222356.53593223
2013-05-08 15:33:00.000 1 1 5.735871030960739 -95.99374364695511 23222393.94280464
2013-05-08 15:34:30.000 1 1 6.26527235979151 -96.00834994191987 23222434.902128868
2013-05-08 15:36:00.000 1 1 6.79442282238361 -96.02222431470653 23222479.393519208
2013-05-08 15:37:30.000 1 1 7.323300483767282 -96.03530328298699 23222527.394831996
2013-05-08 15:39:00.000 1 1 7.851883234604134 -96.04752277528941 23222578.882176574
2013-05-08 15:40:30.000 1 1 8.380148777757178 -96.05881826556077 23222633.829927184
2013-05-08 15:42:00.000 1 1 8.908074612755497 -96.0691247356752 23222692.210735638
2013-05-08 15:43:30.000 1 1 9.435638021928694 -96.0783766450858 23222753.99554503
2013-05-08 15:45:00.000 1 1 9.962816054749004 -96.08650806038962 23222819.153604086
2013-05-08 15:46:30.000 1 1 10.489585511745432 -96.09345195118071 23222887.652482443
2013-05-08 15:48:00.000 1 1 11.015922930547644 -96.09914115792026 23222959.458086897
2013-05-08 15:49:30.000 1 1 11.541804568371994 -96.10350768973892 23223034.534678195
2013-05-08 15:51:00.000 1 1 12.067206385917656 -96.10648285246067 23223112.84488882
2013-05-08 15:52:30.000 1 1 12.592104031618199 -96.10799721292514 23223194.349741682
2013-05-08 15:54:00.000 1 1 13.116472824003889 -96.10798056229238 23223279.008669384
2013-05-08 15:55:30.000 1 1 13.640287734556871 -96.10636204670503 23223366.779534414
2013-05-08 15:57:00.000 1 1 14.163523370011163 -96.10306945722039 23223457.61865013
2013-05-08 15:58:30.000 1 1 14.686153954250104 -96.09803020031998 23223551.48080241
2013-05-08 16:00:00.000 1 1 15.208153309951754 -96.09117058694764 23223648.319272228
2013-05-08 16:01:30.000 1 1 15.729494838941694 -96.08241596201904 23223748.085858718
2013-05-08 16:03:00.000 1 1 16.25015150378575 -96.07169066593842 23223850.73090332
2013-05-08 16:04:30.000 1 1 16.770095807367415 -96.05891799188437 23223956.203314416
2013-05-08 16:06:00.000 1 1 17.28929977179703 -96.04402031818648 23224064.450592548
2013-05-08 16:07:30.000 1 1 17.80773491916762 -96.0269183930744 23224175.41885689
2013-05-08 16:09:00.000 1 1 18.325372248545648 -96.00753230248729 23224289.05287173
2013-05-08 16:10:30.000 1 1 18.842182214092205 -95.98578075903006 23224405.296073936
2013-05-08 16:12:00.000 1 1 19.358134703266284 -95.96158122413529 23224524.090601314
2013-05-08 16:13:30.000 1 1 19.873199012898166 -95.9348498719433 23224645.37732119
2013-05-08 16:15:00.000 1 1 20.387343825473707 -95.90550154359279 23224769.09585987
2013-05-08 16:16:30.000 1 1 20.900537184593546 -95.87344987498905 23224895.184632666
2013-05-08 16:18:00.000 1 1 21.412746469753937 -95.83860658068151 23225023.58087451
2013-05-08 16:19:30.000 1 1 21.923938370592612 -95.80088242243163 23225154.220671237
2013-05-08 16:21:00.000 1 1 22.434078859577905 -95.76018649244173 23225287.03899116
2013-05-08 16:22:30.000 1 1 22.94313316561757 -95.71642633944538 23225421.96971772
2013-05-08 16:24:00.000 1 1 23.451065745396868 -95.6695079264697 23225558.945682183
2013-05-08 16:25:30.000 1 1 23.957840253766367 -95.61933558891337 23225697.89869694
2013-05-08 16:27:00.000 1 1 24.463419515630946 -95.56581216049291 23225838.759589817
2013-05-08 16:28:30.000 1 1 24.967765493695182 -95.50883825806558 23225981.458238065
2013-05-08 16:30:00.000 1 1 25.470839257997852 -95.44831325063655 23226125.92360348
2013-05-08 16:31:30.000 1 1 25.97260095275795 -95.38413454549594 23226272.083767556
2013-05-08 16:33:00.000 1 1 26.473009764130143 -95.31619771672972 23226419.865967512
2013-05-08 16:34:30.000 1 1 26.972023885405193 -95.2443964656571 23226569.1966323
2013-05-08 16:36:00.000 1 1 27.469600482099302 -95.16862258130783 23226720.001419283
2013-05-08 16:37:30.000 1 1 27.96569565593199 -95.08876607531163 23226872.205251213
2013-05-08 16:39:00.000 1 1 28.460264408003244 -95.00471447007983 23227025.7323536
2013-05-08 16:40:30.000 1 1 28.953260600191257 -94.91635377700791 23227180.5062923
2013-05-08 16:42:00.000 1 1 29.44463691717846 -94.823567787103 23227336.450011734
2013-05-08 16:43:30.000 1 1 29.93434482571371 -94.72623821477603 23227493.485873077
2013-05-08 16:45:00.000 1 1 30.422334534642005 -94.62424466555174 23227651.535693187
2013-05-08 16:46:30.000 1 1 30.908554951384694 -94.51746461414112 23227810.520782933
2013-05-08 16:48:00.000 1 1 31.392953640612767 -94.40577338069481 23227970.36198695
2013-05-08 16:49:30.000 1 1 31.87547677969824 -94.28904428092481 23228130.979722794
2013-05-08 16:51:00.000 1 1 32.35606911335927 -94.16714793939391 23228292.294020392
2013-05-08 16:52:30.000 1 1 32.83467390875834 -94.03995328648517 23228454.22456216
2013-05-08 16:54:00.000 1 1 33.311232908088506 -93.90732688065272 23228616.690722812
2013-05-08 16:55:30.000 1 1 33.785686281038025 -93.76913307522567 23228779.611609478
2013-05-08 16:57:00.000 1 1 34.2579725762242 -93.62523402465865 23228942.906102013
2013-05-08 16:58:30.000 1 1 34.72802867195079 -93.47548969160668 23229106.492893465
2013-05-08 17:00:00.000 1 1 35.19578972542356 -93.31975803847907 23229270.29053028
2013-05-08 17:01:30.000 1 1 35.66118912278339 -93.15789437555058 23229434.217453185
2013-05-08 17:03:00.000 1 1 36.124158426813715 -92.98975240507012 23229598.1920376
2013-05-08 17:04:30.000 1 1 36.58462732576165 -92.8151835913643 23229762.132634487
2013-05-08 17:06:00.000 1 1 37.04252357928676 -92.63403737898773 23229925.95761057
2013-05-08 17:07:30.000 1 1 37.49777296707135 -92.44616125843847 23230089.58538946
2013-05-08 17:09:00.000 1 1 37.95029923509569 -92.2514008370382 23230252.934492107
2013-05-08 17:10:30.000 1 1 38.40002404199805 -92.04960009560929 23230415.923577167
2013-05-08 17:12:00.000 1 1 38.8468669066908 -91.84060081324536 23230578.471481837
2013-05-08 17:13:30.000 1 1 39.29074515562716 -91.62424369211217 23230740.49726226
2013-05-08 17:15:00.000 1 1 39.73157386908282 -91.4003678137107 23230901.920233455
2013-05-08 17:16:30.000 1 1 40.16926583086856 -91.16881095227679 23231062.660009935
2013-05-08 17:18:00.000 1 1 40.60373147678302 -90.92940973925765 23231222.63654555
2013-05-08 17:19:30.000 1 1 41.03487884526385 -90.68199984543091 23231381.77017344
2013-05-08 17:21:00.000 1 1 41.4626135286745 -90.42641635409947 23231539.981645532
2013-05-08 17:22:30.000 1 1 41.88683862766338 -90.16249330982806 23231697.19217226
2013-05-08 17:24:00.000 1 1 42.30745470710027 -89.89006497681812 23231853.323461857
2013-05-08 17:25:30.000 1 1 42.724359753192836 -89.60896543874225 23232008.297758926
2013-05-08 17:27:00.000 1 1 43.13744913617464 -89.31902906395673 23232162.03788369
2013-05-08 17:28:30.000 1 1 43.54661557446704 -89.02009082711996 23232314.46727022
2013-05-08 17:30:00.000 1 1 43.95174910289518 -88.71198666773896 23232465.51000446
2013-05-08 17:31:30.000 1 1 44.35273704638154 -88.394554036116 23232615.090862285
2013-05-08 17:33:00.000 1 1 44.749463997926405 -88.06763163589035 23232763.135346994
2013-05-08 17:34:30.000 1 1 45.14181180164273 -87.73106088078353 23232909.569726247
2013-05-08 17:36:00.000 1 1 45.52965954252473 -87.38468569800862 23233054.32106879
2013-05-08 17:37:30.000 1 1 45.9128835437032 -87.02835321419182 23233197.31728106
2013-05-08 17:39:00.000 1 1 46.29135737024344 -86.66191430181196 23233338.48714296
2013-05-08 17:40:30.000 1 1 46.664951841279134 -86.28522416715546 23233477.760343228
2013-05-08 17:42:00.000 1 1 47.033535052211604 -85.8981431394833 23233615.067514714
2013-05-08 17:43:30.000 1 1 47.396972406273235 -85.50053665805075 23233750.340268962
2013-05-08 17:45:00.000 1 1 47.75512665563245 -85.09227697986667 23233883.51122997
2013-05-08 17:46:30.000 1 1 48.10785795632572 -84.67324323874595 23234014.514068138
2013-05-08 17:48:00.000 1 1 48.45502393394383 -84.24332238476553 23234143.28353321
2013-05-08 17:49:30.000 1 1 48.7964797627829 -83.8024099906557 23234269.75548668
2013-05-08 17:51:00.000 1 1 49.13207826009107 -83.35041109189714 23234393.86693392
2013-05-08 17:52:30.000 1 1 49.46166999479553 -82.88724122312594 23234515.55605565
2013-05-08 17:54:00.000 1 1 49.78510341174079 -82.41282665360617 23234634.762238566
2013-05-08 17:55:30.000 1 1 50.102224973149134 -81.92710632044614 23234751.426105555
2013-05-08 17:57:00.000 1 1 50.41287931814166 -81.43003210947892 23234865.489545513
2013-05-08 17:58:30.000 1 1 50.71690943970976 -80.92156999074294 23234976.895742193
2013-05-08 18:00:00.000 1 1 51.01415688069522 -80.40170100877025 23235085.589202452
2013-05-08 18:01:30.000 1 1 51.30446195011681 -79.87042227006204 23235191.515784048
2013-05-08 18:03:00.000 1 1 51.58766395910635 -79.32774810650085 23235294.622722715
2013-05-08 18:04:30.000 1 1 51.86360147634682 -78.77371039594505 23235394.858658176
2013-05-08 18:06:00.000 1 1 52.13211260591063 -78.20836053984542 23235492.173660044
2013-05-08 18:07:30.000 1 1 52.39303528439084 -77.6317697511449 23235586.519252602
2013-05-08 18:09:00.000 1 1 52.646207599257956 -77.04403014062387 23235677.848439034
2013-05-08 18:10:30.000 1 1 52.89146812690886 -76.44525560133971 23235766.115724683
2013-05-08 18:12:00.000 1 1 53.12865629168352 -75.83558263460947 23235851.277140066
2013-05-08 18:13:30.000 1 1 53.35761274232097 -75.21517128906642 23235933.290262543
2013-05-08 18:15:00.000 1 1 53.578179747252925 -74.58420517825704 23236012.114237487
2013-05-08 18:16:30.000 1 1 53.79020160687735 -73.9428930970823 23236087.709798813
2013-05-08 18:18:00.000 1 1 53.993525080420106 -73.29146885866426 23236160.039288472
2013-05-08 18:19:30.000 1 1 54.18799982616786 -72.63019186431463 23236229.066675153
2013-05-08 18:21:00.000 1 1 54.373478853896856 -71.95934738178144 23236294.75757247
2013-05-08 18:22:30.000 1 1 54.54981898494497 -71.27924669380782 23236357.07925589
2013-05-08 18:24:00.000 1 1 54.71688131962676 -70.59022727679343 23236416.000679217
2013-05-08 18:25:30.000 1 1 54.874531707434606 -69.89265198329895 23236471.492489938
2013-05-08 18:27:00.000 1 1 55.02264121818318 -69.18690975018956 23236523.527044017
2013-05-08 18:28:30.000 1 1 55.16108660967596 -68.47341445717055 23236572.07841958
2013-05-08 18:30:00.000 1 1 55.289750788929524 -67.75260446364601 23236617.12242984
2013-05-08 18:31:30.000 1 1 55.4085232639185 -67.0249417943425 23236658.63663527
2013-05-08 18:33:00.000 1 1 55.51730058069608 -66.29091115768571 23236696.600354705
2013-05-08 18:34:30.000 1 1 55.61598674345461 -65.55101878937313 23236730.994675625
2013-05-08 18:36:00.000 1 1 55.70449361339086 -64.8057912913694 23236761.802463695
2013-05-08 18:37:30.000 1 1 55.782741282315435 -64.05577346928065 23236789.008371282
2013-05-08 18:39:00.000 1 1 55.85065841777855 -63.301527694810474 23236812.59884503
2013-05-08 18:40:30.000 1 1 55.90818257661569 -62.54363143616834 23236832.562132742
2013-05-08 18:42:00.000 1 1 55.955260482975994 -61.78267550302384 23236848.888289154
2013-05-08 18:43:30.000 1 1 55.99184826883016 -61.01926199863844 23236861.569180947
2013-05-08 18:45:00.000 1 1 56.017911673888776 -60.25400217590715 23236870.598490767
2013-05-08 18:46:30.000 1 1 56.03342620315463 -59.487514368662275 23236875.971720412
2013-05-08 18:48:00.000 1 1 56.038377240162745 -58.72042103113042 23236877.686193045
2013-05-08 18:49:30.000 1 1 56.032760114873405 -57.95334740467763 23236875.741054554
2013-05-08 18:51:00.000 1 1 56.01658012540381 -57.18691848961441 23236870.137273967
2013-05-08 18:52:30.000 1 1 55.989852513365 -56.42175685086294 23236860.87764297
2013-05-08 18:54:00.000 1 1 55.95260239313125 -55.65848028899131 23236847.966774512
2013-05-08 18:55:30.000 1 1 55.90486463567025 -54.89769954306293 23236831.411100507
2013-05-08 18:57:00.000 1 1 55.846683708360146 -54.14001623530908 23236811.21886862
2013-05-08 18:58:30.000 1 1 55.77811347238332 -53.38602005821683 23236787.40013817
2013-05-08 19:00:00.000 1 1 55.69921693988186 -52.63628774096791 23236759.966775082
2013-05-08 19:01:30.000 1 1 55.610065993394805 -51.89138046319839 23236728.93244598
2013-05-08 19:03:00.000 1 1 55.51074107041042 -51.15184223431379 23236694.31261138
2013-05-08 19:04:30.000 1 1 55.40133081639151 -50.41819825841271 23236656.12451799
2013-05-08 19:06:00.000 1 1 55.281931709169974 -49.69095345042659 23236614.38719004
2013-05-08 19:07:30.000 1 1 55.15264765892583 -48.97059129044866 23236569.12141987
2013-05-08 19:09:00.000 1 1 55.013589586958474 -48.257572002257945 23236520.349757504
2013-05-08 19:10:30.000 1 1 54.86487498718469 -47.55233259153136 23236468.09649944
2013-05-08 19:12:00.000 1 1 54.706627474085316 -46.85528537361467 23236412.387676492
2013-05-08 19:13:30.000 1 1 54.5389763207502 -46.16681751569861 23236353.25104081
2013-05-08 19:15:00.000 1 1 54.36205599096736 -45.48729058388966 23236290.716052093
2013-05-08 19:16:30.000 1 1 54.1760056680028 -44.81704024625331 23236224.81386282
2013-05-08 19:18:00.000 1 1 53.98096878446291 -44.15637631416066 23236155.577302724
2013-05-08 19:19:30.000 1 1 53.77709255551932 -43.505582082377195 23236083.04086246
2013-05-08 19:21:00.000 1 1 53.56452751867707 -42.86491549813002 23236007.240676347
2013-05-08 19:22:30.000 1 1 53.343427082566414 -42.23460877246103 23235928.214504354
2013-05-08 19:24:00.000 1 1 53.11394708753757 -41.61486896230366 23235846.001713365
2013-05-08 19:25:30.000 1 1 52.87624537903719 -41.00587848083671 23235760.643257376
2013-05-08 19:27:00.000 1 1 52.63048139708006 -40.40779571335252 23235672.181657176
2013-05-08 19:28:30.000 1 1 52.376815781687576 -39.820755881206004 23235580.660979055
2013-05-08 19:30:00.000 1 1 52.115409997676586 -39.244871142519266 23235486.126813017
2013-05-08 19:31:30.000 1 1 51.846425976866115 -38.68023243330252 23235388.626249816
2013-05-08 19:33:00.000 1 1 51.57002578120259 -38.1269096781442 23235288.20785754
2013-05-08 19:34:30.000 1 1 51.286371286149816 -37.58495288528343 23235184.921657536
2013-05-08 19:36:00.000 1 1 50.995623883852474 -37.054393099765264 23235078.819099233
2013-05-08 19:37:30.000 1 1 50.69794420789516 -36.535243382989705 23234969.95303463
2013-05-08 19:39:00.000 1 1 50.39349187823491 -36.027499966370314 23234858.3776919
2013-05-08 19:40:30.000 1 1 50.08242526660935 -35.5311425784379 23234744.148648378
2013-05-08 19:42:00.000 1 1 49.76490128185503 -35.04613644170637 23234627.322802756
2013-05-08 19:43:30.000 1 1 49.44107517526984 -34.57243258637131 23234507.958346907
2013-05-08 19:45:00.000 1 1 49.11110036386846 -34.109968987451 23234386.114736624
2013-05-08 19:46:30.000 1 1 48.77512827303544 -33.658671512811935 23234261.8526622
2013-05-08 19:48:00.000 1 1 48.43330819551035 -33.21845485349555 23234135.23401784
2013-05-08 19:49:30.000 1 1 48.08578716884552 -32.78922359053449 23234006.321871337
2013-05-08 19:51:00.000 1 1 47.73270986653062 -32.37087239298978 23233875.18043211
2013-05-08 19:52:30.000 1 1 47.37421850567214 -31.963287861436722 23233741.875019412
2013-05-08 19:54:00.000 1 1 47.010452768734865 -31.566348664950787 23233606.472029902
2013-05-08 19:55:30.000 1 1 46.64154973760015 -31.179926472290028 23233469.038904283
2013-05-08 19:57:00.000 1 1 46.26764384044229 -30.803886684790402 23233329.644093692
2013-05-08 19:58:30.000 1 1 45.88886681134932 -30.43808913290455 23233188.357025962
2013-05-08 20:00:00.000 1 1 45.505347658297474 -30.0823887308345 23233045.24807054
2013-05-08 20:01:30.000 1 1 45.11721264277418 -29.736636267289636 23232900.388503693
2013-05-08 20:03:00.000 1 1 44.72458526757723 -29.400678313555773 23232753.850472834
2013-05-08 20:04:30.000 1 1 44.32758627363847 -29.074358782716008 23232605.706960782
2013-05-08 20:06:00.000 1 1 43.926333643220985 -28.75751876641874 23232456.03174918
2013-05-08 20:07:30.000 1 1 43.520942610427795 -28.44999718187313 23232304.899381608
2013-05-08 20:09:00.000 1 1 43.111525679200426 -28.15163121432868 23232152.385126933
2013-05-08 20:10:30.000 1 1 42.69819264434058 -27.862256730284397 23231998.564941283
2013-05-08 20:12:00.000 1 1 42.281050619302036 -27.58170882599828 23231843.515430402
2013-05-08 20:13:30.000 1 1 41.86020406825434 -27.30982150557038 23231687.31381165
2013-05-08 20:15:00.000 1 1 41.43575484091642 -27.046429013696073 23231530.037875228
2013-05-08 20:16:30.000 1 1 41.00780221143346 -26.791365455152395 23231371.76594548
2013-05-08 20:18:00.000 1 1 40.57644292075012 -26.54446523894244 23231212.57684201
2013-05-08 20:19:30.000 1 1 40.14177122095759 -26.305563320604122 23231052.5498405
2013-05-08 20:21:00.000 1 1 39.703878921058006 -26.074495425913305 23230891.764632873
2013-05-08 20:22:30.000 1 1 39.26285543563638 -25.851098421073406 23230730.301287796
2013-05-08 20:24:00.000 1 1 38.81878783515924 -25.635209822624034 23230568.240211003
2013-05-08 20:25:30.000 1 1 38.371760895418404 -25.426668966690215 23230405.66210472
2013-05-08 20:27:00.000 1 1 37.9218571506158 -25.22531648324917 23230242.647927906
2013-05-08 20:28:30.000 1 1 37.469156945678776 -25.030994592406955 23230079.278855935
2013-05-08 20:30:00.000 1 1 37.01373848841429 -24.84354721621822 23229915.63623987
2013-05-08 20:31:30.000 1 1 36.55567790307879 -24.662820079462435 23229751.8015661
2013-05-08 20:33:00.000 1 1 36.095049284030935 -24.48866096001231 23229587.85641595
2013-05-08 20:34:30.000 1 1 35.63192474809577 -24.320919093663374 23229423.88242475
2013-05-08 20:36:00.000 1 1 35.1663744874333 -24.15944624084991 23229259.961241215
2013-05-08 20:37:30.000 1 1 34.69846682266237 -24.004096067563793 23229096.174487
2013-05-08 20:39:00.000 1 1 34.228268254921495 -23.854724356409825 23228932.60371602
2013-05-08 20:40:30.000 1 1 33.75584351659401 -23.711189034898233 23228769.330373652
2013-05-08 20:42:00.000 1 1 33.281255622606125 -23.57335020571388 23228606.43575629
2013-05-08 20:43:30.000 1 1 32.804565921175 -23.441070328840627 23228444.000971075
2013-05-08 20:45:00.000 1 1 32.32583414160258 -23.314213561055446 23228282.106895044
2013-05-08 20:46:30.000 1 1 31.84511844418173 -23.192646766429963 23228120.834135283
2013-05-08 20:48:00.000 1 1 31.36247546768506 -23.07623884750131 23227960.262988783
2013-05-08 20:49:30.000 1 1 30.87796037530507 -22.964860902528837 23227800.473402224
2013-05-08 20:51:00.000 1 1 30.39162690106631 -22.858386216710034 23227641.544932343
2013-05-08 20:52:30.000 1 1 29.903527394333967 -22.756690246547244 23227483.556706276
2013-05-08 20:54:00.000 1 1 29.41371286445773 -22.65965076991817 23227326.587382413
2013-05-08 20:55:30.000 1 1 28.922233022035478 -22.567147189977586 23227170.71511074
2013-05-08 20:57:00.000 1 1 28.4291363222097 -22.479061520003658 23227016.017494407
2013-05-08 20:58:30.000 1 1 27.934470005379822 -22.395277683031278 23226862.571551077
2013-05-08 21:00:00.000 1 1 27.438280136267196 -22.31568164878744 23226710.453674316
2013-05-08 21:01:30.000 1 1 26.940611643274444 -22.2401614034027 23226559.739595752
2013-05-08 21:03:00.000 1 1 26.44150835703355 -22.16860691220282 23226410.50434759
2013-05-08 21:04:30.000 1 1 25.94101304570353 -22.100910255659016 23226262.822224777
2013-05-08 21:06:00.000 1 1 25.439167452557676 -22.03696491772147 23226116.76674852
2013-05-08 21:07:30.000 1 1 24.936012330022205 -21.976666756562402 23225972.41062945
2013-05-08 21:09:00.000 1 1 24.431587474580418 -21.919913294962228 23225829.825731665
2013-05-08 21:10:30.000 1 1 23.92593175896008 -21.86660384377756 23225689.08303667
2013-05-08 21:12:00.000 1 1 23.419083164900748 -21.816639466638183 23225550.252608243
2013-05-08 21:13:30.000 1 1 22.911078815219046 -21.769922935495945 23225413.403557785
2013-05-08 21:15:00.000 1 1 22.40195500270129 -21.726358857367767 23225278.60400942
2013-05-08 21:16:30.000 1 1 21.891747221304794 -21.68585295968435 23225145.92106656
2013-05-08 21:18:00.000 1 1 21.38049019489774 -21.648313058960024 23225015.4207785
2013-05-08 21:19:30.000 1 1 20.868217904537687 -21.61364834284721 23224887.168107294
2013-05-08 21:21:00.000 1 1 20.354963616312595 -21.58176949744936 23224761.22689561
2013-05-08 21:22:30.000 1 1 19.84075990861042 -21.552588665165278 23224637.659835156
2013-05-08 21:24:00.000 1 1 19.325638696319768 -21.52601940074774 23224516.528435078
2013-05-08 21:25:30.000 1 1 18.809631257680806 -21.50197679974457 23224397.892991737
2013-05-08 21:27:00.000 1 1 18.29276825777768 -21.480376780771145 23224281.81255856
2013-05-08 21:28:30.000 1 1 17.775079773224554 -21.461137055396126 23224168.34491683
2013-05-08 21:30:00.000 1 1 17.256595314366454 -21.444176411892247 23224057.54654671
2013-05-08 21:31:30.000 1 1 16.737343848555305 -21.429414844295238 23223949.4725993
2013-05-08 21:33:00.000 1 1 16.217353821996166 -21.416773507548687 23223844.176869266
2013-05-08 21:34:30.000 1 1 15.696653181196023 -21.406174681823135 23223741.711767957
2013-05-08 21:36:00.000 1 1 15.175269393698223 -21.39754189643895 23223642.128297444
2013-05-08 21:37:30.000 1 1 14.653229469144508 -21.39079921927584 23223545.476025198
2013-05-08 21:39:00.000 1 1 14.13055997813488 -21.38587222626642 23223451.803059284
2013-05-08 21:40:30.000 1 1 13.607287072306246 -21.382687286579813 23223361.15602459
2013-05-08 21:42:00.000 1 1 13.083436503100593 -21.38117169675792 23223273.580039598
2013-05-08 21:43:30.000 1 1 12.559033640262568 -21.38125363855089 23223189.118693963
2013-05-08 21:45:00.000 1 1 12.03410348991608 -21.382862142364267 23223107.814026825
2013-05-08 21:46:30.000 1 1 11.5086707120681 -21.385927048987252 23223029.70650588
2013-05-08 21:48:00.000 1 1 10.982759638587 -21.39037914212784 23222954.835007433
2013-05-08 21:49:30.000 1 1 10.456394289103887 -21.39614943589772 23222883.23679682
2013-05-08 21:51:00.000 1 1 9.92959838828193 -21.403170149830075 23222814.94751006
2013-05-08 21:52:30.000 1 1 9.40239538190234 -21.41137399892118 23222750.00113609
2013-05-08 21:54:00.000 1 1 8.874808452812479 -21.42069432588793 23222688.429999862
2013-05-08 21:55:30.000 1 1 8.34686053658239 -21.43106506714261 23222630.264746286
2013-05-08 21:57:00.000 1 1 7.81857433671471 -21.442420713741846 23222575.534324992
2013-05-08 21:58:30.000 1 1 7.289972340458715 -21.454696450047052 23222524.265975997
2013-05-08 22:00:00.000 1 1 6.761076832833636 -21.467827442164907 23222476.485216055
2013-05-08 22:01:30.000 1 1 6.231909911115326 -21.481749815063484 23222432.21582602
2013-05-08 22:03:00.000 1 1 5.702493500841428 -21.496399943217597 23222391.47983912
2013-05-08 22:04:30.000 1 1 5.172849368347036 -21.511714588665765 23222354.29752986
2013-05-08 22:06:00.000 1 1 4.6429991355389975 -21.527630864159693 23222320.687404014
2013-05-08 22:07:30.000 1 1 4.112964294338825 -21.54408620162583 23222290.6661895
2013-05-08 22:09:00.000 1 1 3.582766219425536 -21.561018486352456 23222264.248827893
2013-05-08 22:10:30.000 1 1 3.0524261825764625 -21.578365350805004 23222241.44846717
2013-05-08 22:12:00.000 1 1 2.5219653660299493 -21.596065152700138 23222222.276455052
2013-05-08 22:13:30.000 1 1 1.9914048759213856 -21.614056267394552 23222206.742333464
2013-05-08 22:15:00.000 1 1 1.460765755634764 -21.63227722459759 23222194.853833713
2013-05-08 22:16:30.000 1 1 0.9300689989115548 -21.650666675470692 23222186.616872687
2013-05-08 22:18:00.000 1 1 0.3993355637698899 -21.669163360386992 23222182.035549928
2013-05-08 22:19:30.000 1 1 -0.13141361517381592 -21.687706245292425 23222181.11214554
2013-05-08 22:21:00.000 1 1 -0.6621576137168297 -21.70623381433995 23222183.847119097
2013-05-08 22:22:30.000 1 1 -1.1928755033623 -21.724685049655935 23222190.239109397
2013-05-08 22:24:00.000 1 1 -1.7235463398960018 -21.742998723943213 23222200.284935176
2013-05-08 22:25:30.000 1 1 -2.254149149521997 -21.76111353839432 23222213.979596633
2013-05-08 22:27:00.000 1 1 -2.7846629151388047 -21.77896808688605 23222231.316277962
2013-05-08 22:28:30.000 1 1 -3.315066564125088 -21.79650082776615 23222252.28635069
2013-05-08 22:30:00.000 1 1 -3.845338954160164 -21.813650215971684 23222276.879378013
2013-05-08 22:31:30.000 1 1 -4.375458860869866 -21.83035399975069 23222305.08311999
2013-05-08 22:33:00.000 1 1 -4.905404962614416 -21.846550196361115 23222336.883539546
2013-05-08 22:34:30.000 1 1 -5.435155828626979 -21.862176384323178 23222372.264809538
2013-05-08 22:36:00.000 1 1 -5.964689904609814 -21.877169842612744 23222411.20932059
2013-05-08 22:37:30.000 1 1 -6.493985498367351 -21.891467514230133 23222453.69768982
2013-05-08 22:39:00.000 1 1 -7.023020766667961 -21.905005973625745 23222499.708770473
2013-05-08 22:40:30.000 1 1 -7.551773701245677 -21.91772156072231 23222549.219662547
2013-05-08 22:42:00.000 1 1 -8.080222112894798 -21.929549675642395 23222602.205723964
2013-05-08 22:43:30.000 1 1 -8.608343618641076 -21.940425751929716 23222658.640582997
2013-05-08 22:45:00.000 1 1 -9.136115626110286 -21.950284550283747 23222718.496151295
2013-05-08 22:46:30.000 1 1 -9.66351531887119 -21.95906029168208 23222781.742637895
2013-05-08 22:48:00.000 1 1 -10.190519640497579 -21.9666866225717 23222848.348563932
2013-05-08 22:49:30.000 1 1 -10.717105279912483 -21.973096580401734 23222918.28077839
2013-05-08 22:51:00.000 1 1 -11.243248655759624 -21.978222722195213 23222991.504474588
2013-05-08 22:52:30.000 1 1 -11.768925898760171 -21.981996422202464 23223067.98320734
2013-05-08 22:54:00.000 1 1 -12.294112837012136 -21.98434883892796 23223147.67891123
2013-05-08 22:55:30.000 1 1 -12.81878497855043 -21.985210209482258 23223230.55191947
2013-05-08 22:57:00.000 1 1 -13.342917493727354 -21.984509976976955 23223316.56098355
2013-05-08 22:58:30.000 1 1 -13.866485198588595 -21.98217675741256 23223405.663293853
2013-05-08 23:00:00.000 1 1 -14.389462537170264 -21.978138297978813 23223497.81450099
2013-05-08 23:01:30.000 1 1 -14.911823561681262 -21.972321609266054 23223592.968737576
2013-05-08 23:03:00.000 1 1 -15.433541915496253 -21.964652254266817 23223691.078641318
2013-05-08 23:04:30.000 1 1 -15.954590813138841 -21.955055314845424 23223792.095378418
2013-05-08 23:06:00.000 1 1 -16.47494302098725 -21.943454684676173 23223895.96866794
2013-05-08 23:07:30.000 1 1 -16.994570836300763 -21.929773194489364 23224002.646806594
2013-05-08 23:09:00.000 1 1 -17.51344606827717 -21.913932572163745 23224112.07669483
2013-05-08 23:10:30.000 1 1 -18.031540015354732 -21.895853402874046 23224224.203862887
2013-05-08 23:12:00.000 1 1 -18.548823443658176 -21.875455089643086 23224338.972497948
2013-05-08 23:13:30.000 1 1 -19.06526656553991 -21.852655975918132 23224456.32547203
2013-05-08 23:15:00.000 1 1 -19.58083901617056 -21.827372637082934 23224576.204370346
2013-05-08 23:16:30.000 1 1 -20.095509829513684 -21.799520844005276 23224698.549520157
2013-05-08 23:18:00.000 1 1 -20.60924741500163 -21.769014849272992 23224823.300020702
2013-05-08 23:19:30.000 1 1 -21.122019532701362 -21.7357675143891 23224950.393773478
2013-05-08 23:21:00.000 1 1 -21.633793267124844 -21.699690264267474 23225079.767512914
2013-05-08 23:22:30.000 1 1 -22.144535001001522 -21.660693049807296 23225211.356837876
2013-05-08 23:24:00.000 1 1 -22.654210389147412 -21.618684468890592 23225345.096243918
2013-05-08 23:25:30.000 1 1 -23.162784330242143 -21.573571054957064 23225480.919155717
2013-05-08 23:27:00.000 1 1 -23.670220937668063 -21.52525823982297 23225618.757959966
2013-05-08 23:28:30.000 1 1 -24.176483511865918 -21.47364964274392 23225758.54403952
2013-05-08 23:30:00.000 1 1 -24.681534508719384 -21.418647194141826 23225900.207807098
2013-05-08 23:31:30.000 1 1 -25.18533550875716 -21.36015109545833 23226043.67873992
2013-05-08 23:33:00.000 1 1 -25.68784718614264 -21.29805977719945 23226188.885415062
2013-05-08 23:34:30.000 1 1 -26.189029275297194 -21.23227002719026 23226335.755544744
2013-05-08 23:36:00.000 1 1 -26.68884053744328 -21.162676278411055 23226484.216012407
2013-05-08 23:37:30.000 1 1 -27.18723872606077 -21.089171578859034 23226634.192909025
2013-05-08 23:39:00.000 1 1 -27.684180551404562 -21.01164688152207 23226785.611569922
2013-05-08 23:40:30.000 1 1 -28.17962164422973 -20.92999117570231 23226938.396611966
2013-05-08 23:42:00.000 1 1 -28.6735165177425 -20.844091454222248 23227092.47197083
2013-05-08 23:43:30.000 1 1 -29.165818530187718 -20.75383267560693 23227247.76093923
2013-05-08 23:45:00.000 1 1 -29.656479844992653 -20.65909790635026 23227404.18620484
2013-05-08 23:46:30.000 1 1 -30.1454513897674 -20.559767616395405 23227561.669888653
2013-05-08 23:48:00.000 1 1 -30.63268281654223 -20.455720660882125 23227720.13358419
2013-05-08 23:49:30.000 1 1 -31.118122457972145 -20.346833586693133 23227879.498396102
2013-05-08 23:51:00.000 1 1 -31.601717284154248 -20.23298077612898 23228039.684979413
2013-05-08 23:52:30.000 1 1 -32.08341285908511 -20.11403443409278 23228200.613579392
2013-05-08 23:54:00.000 1 1 -32.56315329472426 -19.989864571920727 23228362.204070903
2013-05-08 23:55:30.000 1 1 -33.04088120489835 -19.860339168363108 23228524.37599845
2013-05-08 23:57:00.000 1 1 -33.516537658120605 -19.725323491846925 23228687.04861616
2013-05-08 23:58:30.000 1 1 -33.99006212951551 -19.584681113042237 23228850.140928004
