 56420.000000,1,25447525.493773,-8454772.427584,-12534715.598794,  1874.410005,  1764.133845,  2615.435982
 56420.000000,2,29474557.863620,1524174.038592,2259680.938837,  -337.907033,  2043.305354,  3029.324765
 56420.000000,3,22243310.932924,10920937.826796,16190956.161562, -2421.155070,  1542.003667,  2286.114451
 56420.000000,4,6515875.248173,16146274.554183,23937836.440922, -3579.604161,   451.708991,   669.686119
 56420.000000,5,-11700403.314930,15204283.193551,22541276.816973, -3370.766130,  -811.123168, -1202.539549
 56420.000000,6,-25447525.493750,8454772.427606,12534715.598826, -1874.410005, -1764.133845, -2615.435982
 56420.000000,7,-29474557.863624,-1524174.038568,-2259680.938801,   337.907033, -2043.305354, -3029.324765
 56420.000000,8,-22243310.932953,-10920937.826778,-16190956.161535,  2421.155070, -1542.003667, -2286.114451
 56420.000000,9,-6515875.248216,-16146274.554177,-23937836.440914,  3579.604161,  -451.708991,  -669.686119
 56420.000000,10,11700403.314889,-15204283.193561,-22541276.816987,  3370.766130,   811.123168,  1202.539549
 56420.000000,11,-9417667.270699,26934710.746424,-7874498.452980, -2271.893121,    48.019646,  2881.368116
 56420.000000,12,-18390703.508961,22018312.670451,7290730.916229, -1151.743835, -1923.857623,  2904.882863
 56420.000000,13,-20339116.083813,8691667.529277,19671148.878264,   408.332450, -3160.886670,  1818.831089
 56420.000000,14,-14518677.615767,-7954899.189172,24537856.566552,  1812.439618, -3190.564444,    38.047659
 56420.000000,15,-3152597.770268,-21562964.794373,20031937.057526,  2524.256454, -2001.555043, -1757.268683
 56420.000000,16,9417667.270672,-26934710.746424,7874498.453014,  2271.893121,   -48.019646, -2881.368116
 56420.000000,17,18390703.508948,-22018312.670474,-7290730.916194,  1151.743835,  1923.857623, -2904.882863
 56420.000000,18,20339116.083818,-8691667.529315,-19671148.878242,  -408.332450,  3160.886670, -1818.831089
 56420.000000,19,14518677.615789,7954899.189133,-24537856.566551, -1812.439618,  3190.564444,   -38.047659
 56420.000000,20,3152597.770224,21562964.794407,-20031937.057495, -2524.256454,  2001.555043,  1757.268683
 56420.000000,21,-16375143.989112,-24490729.892191,-2870127.938734,  1550.312134, -1390.661073,  3021.370638
 56420.000000,22,-5897326.862148,-26406911.377325,12003140.967772,  2447.469775,   659.547370,  2653.483641
 56420.000000,23,6833068.683392,-18236550.254214,22291617.996339,  2409.777148,  2457.831134,  1272.056081
 56420.000000,24,16953464.239335,-3100446.771529,24065454.614522,  1451.631556,  3317.306944,  -595.253666
 56420.000000,25,20598212.682901,13219921.997486,16647105.524729,   -60.987951,  2909.684252, -2235.196744
 56420.000000,26,16375143.989131,24490729.892175,2870127.938770, -1550.312134,  1390.661073, -3021.370638
 56420.000000,27,5897326.862177,26406911.377333,-12003140.967740, -2447.469775,  -659.547370, -2653.483641
 56420.000000,28,-6833068.683363,18236550.254243,-22291617.996324, -2409.777148, -2457.831134, -1272.056081
 56420.000000,29,-16953464.239318,3100446.771569,-24065454.614529, -1451.631556, -3317.306944,   595.253666
 56420.000000,30,-20598212.682900,-13219921.997537,-16647105.524690,    60.987951, -2909.684252,  2235.196744
 56420.041667,1,29481034.274539,-1484490.634641,-2200847.873041,   329.109284,  2043.754327,  3029.990395
 56420.041667,2,25411052.545989,8489005.677113,12585468.478370, -1881.999463,  1761.605380,  2611.687379
 56420.041667,3,11634912.434769,15219990.350896,22564563.635378, -3374.248382,   806.583053,  1195.808552
 56420.041667,4,-6585368.770410,16137456.019074,23924762.424970, -3577.649106,  -456.526586,  -676.828497
 56420.041667,5,-22290262.933742,10890961.979915,16146515.140978, -2414.509471, -1545.258586, -2290.940065
 56420.041667,6,-29481034.274535,1484490.634665,2200847.873078,  -329.109284, -2043.754327, -3029.990395
 56420.041667,7,-25411052.546012,-8489005.677091,-12585468.478339,  1881.999463, -1761.605380, -2611.687379
 56420.041667,8,-11634912.434809,-15219990.350886,-22564563.635364,  3374.248382,  -806.583053, -1195.808552
 56420.041667,9,6585368.770367,-16137456.019080,-23924762.424978,  3577.649106,   456.526586,   676.828497
 56420.041667,10,22290262.933713,-10890961.979933,-16146515.141006,  2414.509471,  1545.258586,  2290.940065
 56420.041667,11,-16405202.078654,24463653.647145,2928791.677838, -1545.420430, -1397.966374,  3020.505284
 56420.041667,12,-20599337.318871,13163380.472220,16690462.613962,   -54.840176, -2913.621346,  2230.221888
 56420.041667,13,-16925225.848993,-3164856.636253,24076944.119503,  1456.687162, -3316.371993,   588.069534
 56420.041667,14,-6786253.372060,-18284226.079196,22266851.316613,  2411.809515, -2452.381259, -1278.705395
 56420.041667,15,5944837.236664,-26419642.617846,11951578.133285,  2445.702607,  -651.664237, -2657.058325
 56420.041667,16,16405202.078636,-24463653.647162,-2928791.677802,  1545.420430,  1397.966374, -3020.505284
 56420.041667,17,20599337.318871,-13163380.472255,-16690462.613935,    54.840176,  2913.621346, -2230.221888
 56420.041667,18,16925225.849011,3164856.636213,-24076944.119496, -1456.687162,  3316.371993,  -588.069534
 56420.041667,19,6786253.372089,18284226.079167,-22266851.316629, -2411.809515,  2452.381259,  1278.705395
 56420.041667,20,-5944837.236706,26419642.617857,-11951578.133239, -2445.702607,   651.664237,  2657.058325
 56420.041667,21,-9373522.042314,-26933700.199572,7930428.978495,  2274.697269,    56.058252,  2879.009599
 56420.041667,22,3201607.220607,-21524034.071420,20066003.443597,  2523.308237,  2007.984774,  1751.284999
 56420.041667,23,14553831.343882,-7892918.502985,24537046.611607,  1808.101223,  3192.929362,   -45.370946
 56420.041667,24,20346986.560320,8753023.663161,19635771.957512,   402.260996,  3158.283456, -1824.696732
 56420.041667,25,18368284.479377,22055608.294251,7234299.811064, -1157.229258,  1917.280617, -2907.050385
 56420.041667,26,9373522.042341,26933700.199573,-7930428.978460, -2274.697269,   -56.058252, -2879.009599
 56420.041667,27,-3201607.220577,21524034.071444,-20066003.443576, -2523.308237, -2007.984774, -1751.284999
 56420.041667,28,-14553831.343861,7892918.503023,-24537046.611608, -1808.101223, -3192.929362,    45.370946
 56420.041667,29,-20346986.560316,-8753023.663123,-19635771.957534,  -402.260996, -3158.283456,  1824.696732
 56420.041667,30,-18368284.479357,-22055608.294284,-7234299.811014,  1157.229258, -1917.280617,  2907.050385
 56420.083333,1,27739228.239787,5776601.876675,8564164.472996, -1280.663725,  1923.004709,  2850.971724
 56420.083333,2,16369539.100147,13790846.804531,20445771.195136, -3057.409463,  1134.808096,  1682.422190
 56420.083333,3,-1252757.595587,16537456.986691,24517788.246927, -3666.328703,   -86.846640,  -128.755438
 56420.083333,4,-18396543.469470,12967320.687417,19224843.517353, -2874.834993, -1275.328910, -1890.752865
 56420.083333,5,-28513475.013522,4444108.628563,6588661.992538,  -985.252027, -1976.678884, -2930.546961
 56420.083333,6,-27739228.239802,-5776601.876652,-8564164.472962,  1280.663725, -1923.004709, -2850.971724
 56420.083333,7,-16369539.100184,-13790846.804517,-20445771.195116,  3057.409463, -1134.808096, -1682.422190
 56420.083333,8,1252757.595543,-16537456.986692,-24517788.246929,  3666.328703,    86.846640,   128.755438
 56420.083333,9,18396543.469436,-12967320.687433,-19224843.517375,  2874.834993,  1275.328910,  1890.752865
 56420.083333,10,28513475.013510,-4444108.628586,-6588661.992573,   985.252027,  1976.678884,  2930.546961
 56420.083333,11,-20178968.816802,17200183.227684,13158333.485885,  -516.200915, -2570.091721,  2567.927496
 56420.083333,12,-18772574.782112,1729750.879741,22820543.894596,  1052.806637, -3332.608603,  1118.661944
 56420.083333,13,-10195695.236994,-14401387.512194,23766082.177319,  2219.677837, -2822.182270,  -757.894449
 56420.083333,14,2275593.349724,-25031685.359622,15633784.847717,  2538.707548, -1233.778232, -2344.960921
 56420.083333,15,13877682.621365,-26100730.195379,1529913.079171,  1888.037262,   825.887156, -3036.332025
 56420.083333,16,20178968.816796,-17200183.227715,-13158333.485854,   516.200915,  2570.091721, -2567.927496
 56420.083333,17,18772574.782124,-1729750.879781,-22820543.894583, -1052.806637,  3332.608603, -1118.661944
 56420.083333,18,10195695.237021,14401387.512161,-23766082.177328, -2219.677837,  2822.182270,   757.894449
 56420.083333,19,-2275593.349694,25031685.359607,-15633784.847745, -2538.707548,  1233.778232,  2344.960921
 56420.083333,20,-13877682.621398,26100730.195365,-1529913.079118, -1888.037262,  -825.887156,  3036.332025
 56420.083333,21,-535633.422494,-24100376.725984,17177420.184751,  2553.470737,  1491.795803,  2172.652513
 56420.083333,22,11673348.598980,-12424612.946028,24197949.320742,  2104.832310,  2963.059310,   506.010803
 56420.083333,23,19423508.218164,3996930.682255,21975684.274245,   852.219482,  3302.534871, -1353.909835
 56420.083333,24,19754547.878762,18891782.640591,11359454.761011,  -725.912223,  2380.554361, -2696.682934
 56420.083333,25,12540021.682110,26570615.738272,-3595700.377179, -2026.770131,   549.282996, -3009.414808
 56420.083333,26,535633.422525,24100376.726001,-17177420.184725, -2553.470737, -1491.795803, -2172.652513
 56420.083333,27,-11673348.598955,12424612.946063,-24197949.320736, -2104.832310, -2963.059310,  -506.010803
 56420.083333,28,-19423508.218154,-3996930.682215,-21975684.274261,  -852.219482, -3302.534871,  1353.909835
 56420.083333,29,-19754547.878771,-18891782.640563,-11359454.761044,   725.912223, -2380.554361,  2696.682934
 56420.083333,30,-12540021.682075,-26570615.738281,3595700.377231,  2026.770131,  -549.282996,  3009.414808
 56420.125000,1,20563326.022042,11906061.959757,17651462.750230, -2639.555570,  1425.539760,  2113.449608
 56420.125000,2,4121243.938144,16391070.304586,24300761.065727, -3633.875002,   285.702667,   423.571623
 56420.125000,3,-13895013.254198,14615246.905044,21667994.606594, -3240.177693,  -963.263134, -1428.096325
 56420.125000,4,-26603847.657559,7256895.941739,10758790.675781, -1608.842636, -1844.295158, -2734.280016
 56420.125000,5,-29150916.487244,-2873342.618492,-4259905.615341,   637.015626, -2020.869117, -2996.061676
 56420.125000,6,-20563326.022074,-11906061.959740,-17651462.750205,  2639.555570, -1425.539760, -2113.449608
 56420.125000,7,-4121243.938187,-16391070.304582,-24300761.065722,  3633.875002,  -285.702667,  -423.571623
 56420.125000,8,13895013.254159,-14615246.905055,-21667994.606611,  3240.177693,   963.263134,  1428.096325
 56420.125000,9,26603847.657540,-7256895.941761,-10758790.675814,  1608.842636,  1844.295158,  2734.280016
 56420.125000,10,29150916.487252,2873342.618468,4259905.615305,  -637.015626,  2020.869117,  2996.061676
 56420.125000,11,-19999689.115542,6567208.465309,20810166.600870,   614.142013, -3238.737826,  1612.294435
 56420.125000,12,-13268277.452874,-10042735.748324,24480095.952100,  1954.209337, -3098.740074,  -212.043124
 56420.125000,13,-1468834.775365,-22816696.246125,18799460.697474,  2547.835115, -1775.128935, -1955.387417
 56420.125000,14,10891652.862476,-26875454.288877,5938070.426572,  2168.274477,   226.521122, -2951.840178
 56420.125000,15,19091899.300483,-20668702.256422,-9191460.919611,   960.506686,  2141.647809, -2820.790320
 56420.125000,16,19999689.115550,-6567208.465348,-20810166.600850,  -614.142013,  3238.737826, -1612.294435
 56420.125000,17,13268277.452898,10042735.748286,-24480095.952102, -1954.209337,  3098.740074,   212.043124
 56420.125000,18,1468834.775396,22816696.246104,-18799460.697498, -2547.835115,  1775.128935,  1955.387417
 56420.125000,19,-10891652.862450,26875454.288880,-5938070.426607, -2168.274477,  -226.521122,  2951.840178
 56420.125000,20,-19091899.300500,20668702.256384,9191460.919660,  -960.506686, -2141.647809,  2820.790320
 56420.125000,21,8407185.425003,-16545805.637177,23059366.312792,  2332.021002,  2635.291558,  1040.674259
 56420.125000,22,17858288.826359,-891218.488725,23589533.176831,  1274.021147,  3337.672517,  -838.390570
 56420.125000,23,20488132.876949,15103783.831017,15109300.146052,  -270.611483,  2765.176018, -2397.218697
 56420.125000,24,15292206.534559,25329654.086035,857828.005698, -1711.879725,  1136.476264, -3040.390760
 56420.125000,25,4255177.059015,25880457.403479,-13721305.276258, -2499.268096,  -926.318794, -2522.236892
 56420.125000,26,-8407185.424975,16545805.637208,-23059366.312779, -2332.021002, -2635.291558, -1040.674259
 56420.125000,27,-17858288.826344,891218.488765,-23589533.176841, -1274.021147, -3337.672517,   838.390570
 56420.125000,28,-20488132.876953,-15103783.830984,-15109300.146081,   270.611483, -2765.176018,  2397.218697
 56420.125000,29,-15292206.534579,-25329654.086021,-857828.005734,  1711.879725, -1136.476264,  3040.390760
 56420.125000,30,-4255177.058972,-25880457.403463,13721305.276302,  2499.268096,   926.318794,  2522.236892
 56420.166667,1,9359082.046454,15703132.500849,23280851.329143, -3481.360252,   648.812530,   961.904133
 56420.166667,2,-8934400.143688,15780294.139917,23395248.163491, -3498.466868,  -619.371722,  -918.256340
 56420.166667,3,-23815245.148029,9829919.769999,14573455.374612, -2179.278049, -1650.977027, -2447.674100
 56420.166667,4,-29599475.956222,124850.154621,185097.966154,   -27.679087, -2051.965223, -3042.163548
 56420.166667,5,-24077712.998308,-9627907.976321,-14273960.574127,  2134.492346, -1669.172447, -2474.649920
 56420.166667,6,-9359082.046496,-15703132.500841,-23280851.329131,  3481.360252,  -648.812530,  -961.904133
 56420.166667,7,8934400.143646,-15780294.139924,-23395248.163502,  3498.466868,   619.371722,   918.256339
 56420.166667,8,23815245.148003,-9829919.770018,-14573455.374641,  2179.278049,  1650.977027,  2447.674100
 56420.166667,9,29599475.956221,-124850.154646,-185097.966190,    27.679087,  2051.965223,  3042.163548
 56420.166667,10,24077712.998334,9627907.976301,14273960.574097, -2134.492346,  1669.172447,  2474.649920
 56420.166667,11,-15902483.747949,-5352278.025092,24385302.054505,  1624.174933, -3272.917366,   340.813977
 56420.166667,12,-5164733.481294,-19847857.187887,21344013.652956,  2472.783740, -2257.830444, -1501.209087
 56420.166667,13,7545769.432383,-26762229.508753,10150037.492309,  2376.873205,  -380.329034, -2769.821304
 56420.166667,14,17374044.894157,-23454339.771987,-4920908.003320,  1373.077892,  1642.445140, -2980.455926
 56420.166667,15,20566025.728424,-11187689.426088,-18112233.897129,  -155.186506,  3037.861095, -2052.657686
 56420.166667,16,15902483.747969,5352278.025052,-24385302.054501, -1624.174933,  3272.917366,  -340.813977
 56420.166667,17,5164733.481324,19847857.187860,-21344013.652974, -2472.783740,  2257.830444,  1501.209087
 56420.166667,18,-7545769.432355,26762229.508748,-10150037.492342, -2376.873205,   380.329034,  2769.821304
 56420.166667,19,-17374044.894140,23454339.772007,4920908.003284, -1373.077892, -1642.445140,  2980.455926
 56420.166667,20,-20566025.728422,11187689.426036,18112233.897165,   155.186506, -3037.861095,  2052.657686
 56420.166667,21,15703042.293913,-5749922.335830,24423998.066423,  1653.729919,  3262.535467,  -295.171384
 56420.166667,22,20544802.265981,10816765.072081,18359943.325846,   193.630097,  3058.437919, -2018.551793
 56420.166667,23,17539146.064580,23251815.870775,5283014.266308, -1340.429840,  1686.121039, -2970.914026
 56420.166667,24,7834132.200150,26805463.306975,-9811846.679912, -2362.491138,  -330.236769, -2788.488078
 56420.166667,25,-4863253.892309,20120334.844151,-21158915.686757, -2482.161120, -2220.455355, -1540.954462
 56420.166667,26,-15703042.293893,5749922.335870,-24423998.066426, -1653.729919, -3262.535467,   295.171384
 56420.166667,27,-20544802.265979,-10816765.072045,-18359943.325870,  -193.630097, -3058.437919,  2018.551793
 56420.166667,28,-17539146.064596,-23251815.870755,-5283014.266343,  1340.429840, -1686.121039,  2970.914026
 56420.166667,29,-7834132.200178,-26805463.306979,9811846.679878,  2362.491138,   330.236769,  2788.488078
 56420.166667,30,4863253.892352,-20120334.844112,21158915.686784,  2482.161120,  2220.455355,  1540.954462
 56420.208333,1,-3678599.816664,16423969.930930,24349536.767624, -3641.168798,  -255.016640,  -378.077716
 56420.208333,2,-20239801.237533,12078168.950963,17906621.857800, -2677.711425, -1403.111606, -2080.198502
 56420.208333,3,-29070086.511197,3118917.953586,4623986.021980,  -691.459299, -2015.265630, -2987.754164
 56420.208333,4,-26796586.793468,-7031653.693941,-10424855.310735,  1558.906777, -1857.656679, -2754.089285
 56420.208333,5,-14287701.703107,-14496372.627497,-21491756.242543,  3213.823449,  -990.486016, -1468.455907
 56420.208333,6,3678599.816621,-16423969.930933,-24349536.767628,  3641.168798,   255.016640,   378.077716
 56420.208333,7,20239801.237501,-12078168.950980,-17906621.857825,  2677.711425,  1403.111606,  2080.198502
 56420.208333,8,29070086.511188,-3118917.953610,-4623986.022016,   691.459299,  2015.265630,  2987.754164
 56420.208333,9,26796586.793487,7031653.693918,10424855.310702, -1558.906777,  1857.656679,  2754.089285
 56420.208333,10,14287701.703146,14496372.627485,21491756.242526, -3213.823449,   990.486016,  1468.455907
 56420.208333,11,-8689992.493918,-16223256.844858,23183373.212338,  2316.033075, -2665.934591,  -997.431709
 56420.208333,12,3950578.310741,-25764796.733761,14026653.413405,  2506.941469,  -974.613348, -2496.289197
 56420.208333,13,15082162.475914,-25465059.983587,-487771.241040,  1740.283430,  1088.977069, -3041.649058
 56420.208333,14,20452873.199128,-15438535.845224,-14815883.860143,   308.896271,  2736.615258, -2425.202360
 56420.208333,15,18011281.527893,484984.249390,-23484832.418009, -1240.478765,  3338.959433,  -882.410790
 56420.208333,16,8689992.493946,16223256.844826,-23183373.212350, -2316.033075,  2665.934591,   997.431709
 56420.208333,17,-3950578.310711,25764796.733749,-14026653.413435, -2506.941469,   974.613348,  2496.289197
 56420.208333,18,-15082162.475893,25465059.983600,487771.241004, -1740.283430, -1088.977069,  3041.649058
 56420.208333,19,-20452873.199124,15438535.845257,14815883.860114,  -308.896271, -2736.615258,  2425.202360
 56420.208333,20,-18011281.527872,-484984.249448,23484832.418024,  1240.478765, -3338.959433,   882.410790
 56420.208333,21,19922683.723290,6172366.889574,21003985.001504,   651.474256,  3250.650868, -1573.193151
 56420.208333,22,19206602.739170,20405751.619587,9533652.907493,  -924.692959,  2180.057387, -2803.280076
 56420.208333,23,11154252.317095,26844832.796897,-5578210.560241, -2147.658892,   276.756081, -2962.609292
 56420.208333,24,-1158643.371024,23030100.268086,-18559387.190363, -2550.292125, -1732.256641, -1990.322454
 56420.208333,25,-13028976.672193,10418652.201263,-24451508.724119, -1978.800447, -3079.606203,  -257.800087
 56420.208333,26,-19922683.723282,-6172366.889534,-21003985.001523,  -651.474256, -3250.650868,  1573.193151
 56420.208333,27,-19206602.739181,-20405751.619561,-9533652.907526,   924.692959, -2180.057387,  2803.280076
 56420.208333,28,-11154252.317120,-26844832.796893,5578210.560205,  2147.658892,  -276.756081,  2962.609292
 56420.208333,29,1158643.370994,-23030100.268106,18559387.190340,  2550.292125,  1732.256641,  1990.322454
 56420.208333,30,13028976.672227,-10418652.201209,24451508.724124,  1978.800447,  3079.606203,   257.800087
 56420.250000,1,-15995646.446171,13927362.681547,20648164.305983, -3087.674822, -1108.888221, -1643.994394
 56420.250000,2,-27580238.861586,6009938.575969,8910100.355891, -1332.394111, -1911.982870, -2834.631175
 56420.250000,3,-28630117.449702,-4203077.795332,-6231319.086982,   931.815864, -1984.765049, -2942.535193
 56420.250000,4,-18744264.273918,-12810661.306175,-18992586.433372,  2840.103850, -1299.434439, -1926.490780
 56420.250000,5,-1698739.239599,-16525007.616416,-24499331.296474,  3663.568697,  -117.764039,  -174.592368
 56420.250000,6,15995646.446134,-13927362.681560,-20648164.306002,  3087.674822,  1108.888221,  1643.994394
 56420.250000,7,27580238.861570,-6009938.575992,-8910100.355925,  1332.394111,  1911.982870,  2834.631175
 56420.250000,8,28630117.449713,4203077.795309,6231319.086947,  -931.815864,  1984.765049,  2942.535193
 56420.250000,9,18744264.273952,12810661.306160,18992586.433349, -2840.103850,  1299.434439,  1926.490780
 56420.250000,10,1698739.239643,16525007.616414,24499331.296472, -3663.568697,   117.764039,   174.592368
 56420.250000,11,224862.453648,-23916110.543927,17439837.127356,  2554.181892, -1536.697021, -2140.281194
 56420.250000,12,12291974.464831,-26634429.902607,3961481.190184,  2049.991048,   499.529849, -3002.347931
 56420.250000,13,19663970.019287,-19179302.309454,-11030025.915847,   762.773300,  2344.953296, -2717.619803
 56420.250000,14,19524997.380125,-4398333.114589,-21808438.018811,  -815.797923,  3294.684285, -1394.853280
 56420.250000,15,11928139.372059,12062649.836119,-24256768.040138, -2082.762067,  2985.957860,   460.699787
 56420.250000,16,-224862.453618,23916110.543909,-17439837.127382, -2554.181892,  1536.697021,  2140.281194
 56420.250000,17,-12291974.464806,26634429.902613,-3961481.190220, -2049.991048,  -499.529849,  3002.347931
 56420.250000,18,-19663970.019278,19179302.309482,11030025.915814,  -762.773300, -2344.953296,  2717.619803
 56420.250000,19,-19524997.380135,4398333.114629,21808438.018795,   815.797923, -3294.684285,  1394.853280
 56420.250000,20,-11928139.372023,-12062649.836171,24256768.040130,  2082.762067, -2985.957860,  -460.699787
 56420.250000,21,20239484.790944,16885493.586547,13469305.380640,  -478.404777,  2601.965948, -2543.027436
 56420.250000,22,14105842.634520,25997265.128905,-1160273.712830, -1861.869285,   874.605077, -3038.847674
 56420.250000,23,2584248.031660,25178965.006551,-15346667.684252, -2534.163009, -1186.825207, -2373.931388
 56420.250000,24,-9924441.483936,14743156.053226,-23671156.214331, -2238.492596, -2794.928600,  -802.253999
 56420.250000,25,-18642331.671991,-1324037.410897,-22954067.623564, -1087.794096, -3335.464264,  1075.857151
 56420.250000,26,-20239484.790950,-16885493.586515,-13469305.380671,   478.404777, -2601.965948,  2543.027436
 56420.250000,27,-14105842.634543,-25997265.128895,1160273.712794,  1861.869285,  -874.605077,  3038.847674
 56420.250000,28,-2584248.031690,-25178965.006565,15346667.684223,  2534.163009,  1186.825207,  2373.931388
 56420.250000,29,9924441.483909,-14743156.053260,23671156.214322,  2238.492596,  2794.928600,   802.253999
 56420.250000,30,18642331.672010,1324037.410955,22954067.623545,  1087.794096,  3335.464264, -1075.857151
 56420.291667,1,-25179156.679225,8702394.436184,12901830.323688, -1929.307422, -1745.529344, -2587.853675
 56420.291667,2,-29517726.214983,-1235634.729904,-1831903.821894,   273.938314, -2046.297973, -3033.761505
 56420.291667,3,-22581527.607217,-10701693.426847,-15865912.971633,  2372.548924, -1565.450328, -2320.875554
 56420.291667,4,-7019952.971376,-16080068.971911,-23839682.628747,  3564.926486,  -486.653865,  -721.494025
 56420.291667,5,11223005.100108,-15316404.711139,-22707503.802679,  3395.623297,   778.027834,  1153.473699
 56420.291667,6,25179156.679202,-8702394.436204,-12901830.323719,  1929.307422,  1745.529344,  2587.853675
 56420.291667,7,29517726.214987,1235634.729879,1831903.821858,  -273.938314,  2046.297973,  3033.761505
 56420.291667,8,22581527.607245,10701693.426828,15865912.971605, -2372.548924,  1565.450328,  2320.875554
 56420.291667,9,7019952.971419,16080068.971905,23839682.628739, -3564.926486,   486.653865,   721.494025
 56420.291667,10,-11223005.100067,15316404.711148,22707503.802693, -3395.623297,  -778.027834, -1153.473699
 56420.291667,11,9095666.997558,-26923814.249016,8279848.661367,  2291.968192,  -106.421536, -2863.851030
 56420.291667,12,18225381.076301,-22286396.140675,-6879742.537743,  1191.448757,  1875.815485, -2920.248720
 56420.291667,13,20393619.041806,-9136332.193330,-19411505.921281,  -364.163607,  3141.554747, -1861.210655
 56420.291667,14,14772187.686948,7503500.119362,-24528733.815699, -1780.677851,  3207.326873,   -91.253379
 56420.291667,15,3508282.723935,21277250.420983,-20276819.093557, -2517.033679,  2048.009147,  1713.559586
 56420.291667,16,-9095666.997531,26923814.249015,-8279848.661402, -2291.968192,   106.421536,  2863.851030
 56420.291667,17,-18225381.076287,22286396.140698,6879742.537708, -1191.448757, -1875.815485,  2920.248720
 56420.291667,18,-20393619.041811,9136332.193368,19411505.921259,   364.163607, -3141.554747,  1861.210655
 56420.291667,19,-14772187.686970,-7503500.119324,24528733.815698,  1780.677851, -3207.326873,    91.253379
 56420.291667,20,-3508282.723892,-21277250.421018,20276819.093527,  2517.033679, -2048.009147, -1713.559586
 56420.291667,21,16591384.380481,24290763.429870,3295997.881422, -1514.564635,  1443.557646, -3014.684354
 56420.291667,22,6241757.430966,26495931.858707,-11626903.492026, -2434.306669,  -602.181781, -2679.107054
 56420.291667,23,-6492008.707648,18580554.881105,-22108722.915428, -2424.226294, -2417.908234, -1320.201919
 56420.291667,24,-16746048.175198,3568037.468745,-24145761.632980, -1488.173872, -3310.075924,   542.975477
 56420.291667,25,-20603666.417058,-12807348.983459,-16959940.091039,    16.310388, -2937.907116,  2198.754696
 56420.291667,26,-16591384.380499,-24290763.429853,-3295997.881458,  1514.564635, -1443.557646,  3014.684354
 56420.291667,27,-6241757.430996,-26495931.858714,11626903.491993,  2434.306669,   602.181781,  2679.107054
 56420.291667,28,6492008.707619,-18580554.881134,22108722.915413,  2424.226294,  2417.908234,  1320.201919
 56420.291667,29,16746048.175181,-3568037.468784,24145761.632987,  1488.173872,  3310.075924,  -542.975477
 56420.291667,30,20603666.417058,12807348.983510,16959940.091001,   -16.310388,  2937.907116, -2198.754696
 56420.333333,1,-29430087.028630,1772632.965123,2628036.445591,  -392.989994, -2040.222441, -3024.754158
 56420.333333,2,-25672710.826372,-8239148.022016,-12215039.271240,  1826.606407, -1779.744678, -2638.579993
 56420.333333,3,-12109231.671774,-15103854.503082,-22392385.160365,  3348.501244,  -839.464939, -1244.557952
 56420.333333,4,6079562.403801,-16199401.925097,-24016601.007399,  3591.382418,   421.461875,   624.842925
 56420.333333,5,21946170.277847,-11107328.409137,-16467291.563839,  2462.477574,  1521.404577,  2255.575043
 56420.333333,6,29430087.028625,-1772632.965148,-2628036.445627,   392.989994,  2040.222441,  3024.754158
 56420.333333,7,25672710.826394,8239148.021995,12215039.271208, -1826.606407,  1779.744678,  2638.579993
 56420.333333,8,12109231.671814,15103854.503072,22392385.160350, -3348.501244,   839.464939,  1244.557952
 56420.333333,9,-6079562.403758,16199401.925102,24016601.007406, -3591.382418,  -421.461875,  -624.842925
 56420.333333,10,-21946170.277817,11107328.409155,16467291.563866, -2462.477574, -1521.404577, -2255.575043
 56420.333333,11,16184636.485112,-24657160.824210,-2502156.596805,  1580.759463,  1344.701856, -3026.394373
 56420.333333,12,20588447.774720,-13572472.341877,-16373229.322823,    99.502455,  2884.630126, -2266.074747
 56420.333333,13,17128171.789976,2696439.263692,-23990284.953110, -1419.761108,  3322.727733,  -640.191589
 56420.333333,14,7125516.346600,17935402.719129,-22443867.131092, -2396.724185,  2491.656281,  1230.222997
 56420.333333,15,-5598844.153716,26323651.937746,-12324654.904050, -2458.220084,   708.856818,  2630.734212
 56420.333333,16,-16184636.485093,24657160.824226,2502156.596769, -1580.759463, -1344.701856,  3026.394373
 56420.333333,17,-20588447.774719,13572472.341912,16373229.322796,   -99.502455, -2884.630126,  2266.074747
 56420.333333,18,-17128171.789993,-2696439.263652,23990284.953102,  1419.761108, -3322.727733,   640.191589
 56420.333333,19,-7125516.346629,-17935402.719099,22443867.131107,  2396.724185, -2491.656281, -1230.222997
 56420.333333,20,5598844.153758,-26323651.937759,12324654.904004,  2458.220084,  -708.856818, -2630.734212
 56420.333333,21,9693042.912319,26937489.030467,-7522993.389242, -2254.022298,     2.357370, -2895.766632
 56420.333333,22,-2845083.861476,21804063.331518,-19815830.685526, -2529.865011, -1961.001632, -1794.531161
 56420.333333,23,-14296485.301030,8342226.532774,-24539694.175243, -1839.385277, -3175.324662,    -7.845781
 56420.333333,24,-20287115.275246,-8306057.259643,-19890228.563532,  -446.322885, -3176.781597,  1781.836421
 56420.333333,25,-18528756.748028,-21781709.491317,-7643371.684631,  1117.219678, -1964.815937,  2890.917672
 56420.333333,26,-9693042.912346,-26937489.030466,7522993.389207,  2254.022298,    -2.357370,  2895.766632
 56420.333333,27,2845083.861446,-21804063.331542,19815830.685505,  2529.865011,  1961.001632,  1794.531161
 56420.333333,28,14296485.301008,-8342226.532812,24539694.175243,  1839.385277,  3175.324662,     7.845781
 56420.333333,29,20287115.275240,8306057.259605,19890228.563553,   446.322885,  3176.781597, -1781.836421
 56420.333333,30,18528756.748008,21781709.491351,7643371.684581, -1117.219678,  1964.815937, -2890.917672
 56420.375000,1,-27915683.093776,-5504386.113340,-8160588.007262,  1220.313910, -1935.237332, -2869.107333
 56420.375000,2,-16798428.628146,-13628617.749860,-20205256.730723,  3021.443532, -1164.540595, -1726.502433
 56420.375000,3,735254.615855,-16547180.625606,-24532204.134454,  3668.484419,    50.971068,    75.567716
 56420.375000,4,17988095.586984,-13145282.920347,-19488683.377763,  2914.288946,  1247.013516,  1848.773565
 56420.375000,5,28370095.436758,-4722333.931241,-7001147.966741,  1046.934148,  1966.739185,  2915.810750
 56420.375000,6,27915683.093790,5504386.113317,8160588.007228, -1220.313910,  1935.237332,  2869.107333
 56420.375000,7,16798428.628182,13628617.749846,20205256.730702, -3021.443532,  1164.540595,  1726.502433
 56420.375000,8,-735254.615811,16547180.625607,24532204.134455, -3668.484419,   -50.971068,   -75.567716
 56420.375000,9,-17988095.586949,13145282.920362,19488683.377785, -2914.288946, -1247.013516, -1848.773565
 56420.375000,10,-28370095.436746,4722333.931265,7001147.966776, -1046.934148, -1966.739185, -2915.810750
 56420.375000,11,20103046.554506,-17560186.153191,-12793991.058062,   559.881016,  2532.399058, -2596.069091
 56420.375000,12,18918251.380855,-2199710.326302,-22659211.479490, -1011.936311,  3328.347663, -1167.978253
 56420.375000,13,10507327.187423,14000980.079831,-23869383.274013, -2197.228362,  2852.980587,   706.240579
 56420.375000,14,-1917038.860695,24853771.971272,-15962261.948350, -2543.253860,  1287.871897,  2310.699514
 56420.375000,15,-13609161.221724,26213267.718336,-1958099.095827, -1917.842825,  -769.160085,  3032.549773
 56420.375000,16,-20103046.554500,17560186.153221,12793991.058030,  -559.881016, -2532.399058,  2596.069091
 56420.375000,17,-18918251.380867,2199710.326342,22659211.479476,  1011.936311, -3328.347663,  1167.978253
 56420.375000,18,-10507327.187449,-14000980.079797,23869383.274022,  2197.228362, -2852.980587,  -706.240579
 56420.375000,19,1917038.860664,-24853771.971256,15962261.948378,  2543.253860, -1287.871897, -2310.699514
 56420.375000,20,13609161.221758,-26213267.718323,1958099.095774,  1917.842825,   769.160085, -3032.549773
 56420.375000,21,895840.847284,24307178.620666,-16868235.307243, -2551.918507, -1439.304713, -2209.570171
 56420.375000,22,-11374575.136157,12840793.440852,-24122849.955642, -2129.824497, -2935.662580,  -558.407819
 56420.375000,23,-19300290.025169,-3530338.390857,-22163355.826488,  -894.209919, -3310.697121,  1306.047340
 56420.375000,24,-19853950.117288,-18553000.949045,-11738213.076362,   682.962455, -2421.157889,  2671.636807
 56420.375000,25,-12824076.075596,-26489047.737981,3170528.101663,  1999.266384,  -606.818635,  3016.751818
 56420.375000,26,-895840.847315,-24307178.620683,16868235.307216,  2551.918507,  1439.304713,  2209.570171
 56420.375000,27,11374575.136131,-12840793.440887,24122849.955635,  2129.824497,  2935.662580,   558.407819
 56420.375000,28,19300290.025158,3530338.390817,22163355.826504,   894.209919,  3310.697121, -1306.047340
 56420.375000,29,19853950.117296,18553000.949016,11738213.076394,  -682.962455,  2421.157889, -2671.636807
 56420.375000,30,12824076.075562,26489047.737991,-3170528.101715, -1999.266384,   606.818635, -3016.751818
 56420.416667,1,-20932615.588458,-11703099.648835,-17350558.749978,  2594.559139, -1451.140530, -2151.404309
 56420.416667,2,-4633345.543151,-16348250.413210,-24237277.966097,  3624.381898,  -321.203792,  -476.204205
 56420.416667,3,13435705.018020,-14748925.176325,-21866180.793935,  3269.813960,   931.421877,  1380.889720
 56420.416667,4,26372772.925117,-7516011.819606,-11142945.762628,  1666.288226,  1828.276046,  2710.530706
 56420.416667,5,29236337.952390,2587762.592361,3836515.815211,  -573.702975,  2026.790907,  3004.841090
 56420.416667,6,20932615.588489,11703099.648817,17350558.749952, -2594.559139,  1451.140530,  2151.404309
 56420.416667,7,4633345.543194,16348250.413206,24237277.966092, -3624.381898,   321.203792,   476.204205
 56420.416667,8,-13435705.017981,14748925.176336,21866180.793951, -3269.813960,  -931.421877, -1380.889720
 56420.416667,9,-26372772.925097,7516011.819628,11142945.762661, -1666.288226, -1828.276046, -2710.530706
 56420.416667,10,-29236337.952396,-2587762.592336,-3836515.815175,   573.702975, -2026.790907, -3004.841090
 56420.416667,11,20083283.304671,-7023182.807826,-20579491.263228,  -570.677745,  3224.000985, -1657.175617
 56420.416667,12,13541982.246595,9603973.464914,-24506269.324792, -1925.137433,  3120.044128,   158.924397
 56420.416667,13,1828104.245361,22562738.301105,-19072485.441732, -2544.260055,  1824.336461,  1914.320692
 56420.416667,14,-10584047.442624,26903303.985531,-6353660.369858, -2191.561812,  -168.205727,  2938.511549
 56420.416667,15,-18953452.746034,20967721.957203,8792047.010248, -1001.761445, -2096.499045,  2840.290870
 56420.416667,16,-20083283.304678,7023182.807865,20579491.263208,   570.677745, -3224.000985,  1657.175617
 56420.416667,17,-13541982.246618,-9603973.464877,24506269.324794,  1925.137433, -3120.044128,  -158.924397
 56420.416667,18,-1828104.245392,-22562738.301083,19072485.441755,  2544.260055, -1824.336461, -1914.320692
 56420.416667,19,10584047.442598,-26903303.985533,6353660.369893,  2191.561812,   168.205727, -2938.511549
 56420.416667,20,18953452.746051,-20967721.957167,-8792047.010298,  1001.761445,  2096.499045, -2840.290870
 56420.416667,21,-8076855.838105,16915108.243285,-22909001.256920, -2349.895594, -2599.007969, -1090.520398
 56420.416667,22,-17675794.780598,1362020.738740,-23704219.119865, -1312.552794, -3335.229200,   787.107240
 56420.416667,23,-20523180.895061,-14711312.394623,-15445230.955785,   226.140562, -2797.506238,  2364.086665
 56420.416667,24,-15531409.464864,-25165424.212350,-1286689.530679,  1678.455909, -1191.230976,  3038.065336
 56420.416667,25,-4607167.512345,-26007199.322281,13363323.562103,  2489.658147,   870.054030,  2551.606309
 56420.416667,26,8076855.838077,-16915108.243316,22909001.256906,  2349.895594,  2599.007969,  1090.520398
 56420.416667,27,17675794.780582,-1362020.738780,23704219.119874,  1312.552794,  3335.229200,  -787.107240
 56420.416667,28,20523180.895064,14711312.394589,15445230.955813,  -226.140562,  2797.506238, -2364.086665
 56420.416667,29,15531409.464884,25165424.212335,1286689.530716, -1678.455909,  1191.230976, -3038.065336
 56420.416667,30,4607167.512302,26007199.322266,-13363323.562147, -2489.658147,  -870.054030, -2551.606309
 56420.458333,1,-9848862.747383,-15609183.822667,-23141566.685826,  3460.531975,  -682.766272, -1012.242625
 56420.458333,2,8439406.821984,-15865271.799783,-23521232.725204,  3517.306284,   585.056618,   867.382106
 56420.458333,3,23504109.830236,-10061365.190129,-14916587.320838,  2230.589142,  1629.407765,  2415.696354
 56420.458333,4,29591041.758637,-414359.051066,-614312.556060,    91.862762,  2051.380527,  3041.296702
 56420.458333,5,24375201.497741,9390918.161958,13922608.725417, -2081.952070,  1689.795652,  2505.225079
 56420.458333,6,9848862.747424,15609183.822659,23141566.685814, -3460.531975,   682.766272,  1012.242625
 56420.458333,7,-8439406.821942,15865271.799790,23521232.725214, -3517.306284,  -585.056618,  -867.382106
 56420.458333,8,-23504109.830209,10061365.190148,14916587.320867, -2230.589142, -1629.407765, -2415.696354
 56420.458333,9,-29591041.758636,414359.051090,614312.556097,   -91.862762, -2051.380527, -3041.296702
 56420.458333,10,-24375201.497766,-9390918.161938,-13922608.725387,  2081.952070, -1689.795652, -2505.225079
 56420.458333,11,16129218.343023,4889657.332867,-24333482.950686, -1589.441120,  3284.023284,  -393.642552
 56420.458333,12,5512847.884820,19526245.304120,-21552565.467324, -2461.205426,  2300.526044,  1454.693864
 56420.458333,13,-7209243.090579,26704471.241857,-10539300.520190, -2392.872912,   438.306047,  2747.386667
 56420.458333,14,-17177648.238534,23682496.816786,4499619.008012, -1410.544276, -1591.331962,  2990.671144
 56420.458333,15,-20584775.606153,11614613.546239,17819837.011515,   110.564330, -3013.135249,  2091.620893
 56420.458333,16,-16129218.343042,-4889657.332828,24333482.950682,  1589.441120, -3284.023284,   393.642552
 56420.458333,17,-5512847.884850,-19526245.304093,21552565.467341,  2461.205426, -2300.526044, -1454.693864
 56420.458333,18,7209243.090550,-26704471.241852,10539300.520223,  2392.872912,  -438.306047, -2747.386667
 56420.458333,19,17177648.238517,-23682496.816805,-4499619.007976,  1410.544276,  1591.331962, -2990.671144
 56420.458333,20,20584775.606151,-11614613.546187,-17819837.011552,  -110.564330,  3013.135249, -2091.620893
 56420.458333,21,-15467301.889012,6209379.520984,-24461909.245594, -1687.529712, -3249.567309,   242.161589
 56420.458333,22,-20514338.098218,-10383570.911296,-18641947.677837,  -238.152880, -3081.426660,  1978.428519
 56420.458333,23,-17725594.410601,-23010350.180050,-5701395.713634,  1302.190258, -1736.285761,  2959.002999
 56420.458333,24,-8166276.128921,-26847957.773051,9416895.629867,  2345.140977,   272.057285,  2809.338907
 56420.458333,25,4512282.072421,-20430558.025319,20938252.911218,  2492.327552,  2176.483695,  1586.602838
 56420.458333,26,15467301.888992,-6209379.521023,24461909.245597,  1687.529712,  3249.567309,  -242.161589
 56420.458333,27,20514338.098215,10383570.911259,18641947.677861,   238.152880,  3081.426660, -1978.428519
 56420.458333,28,17725594.410617,23010350.180029,5701395.713670, -1302.190258,  1736.285761, -2959.002999
 56420.458333,29,8166276.128949,26847957.773054,-9416895.629833, -2345.140977,  -272.057285, -2809.338907
 56420.458333,30,-4512282.072464,20430558.025281,-20938252.911245, -2492.327552, -2176.483695, -1586.602838
 56420.500000,1,3164275.691684,-16457439.368492,-24399157.249392,  3648.588921,   219.361440,   325.216709
 56420.500000,2,19858885.058533,-12274297.095582,-18197393.789840,  2721.192732,  1376.704830,  2041.048846
 56420.500000,3,28968075.311689,-3402790.520168,-5044844.409226,   754.393409,  2008.193767,  2977.269696
 56420.500000,4,27012445.384432,6768466.377357,10034664.067760, -1500.558555,  1872.620941,  2776.274716
 56420.500000,5,14738979.439559,14354399.170438,21281271.936543, -3182.348153,  1021.770564,  1514.837156
 56420.500000,6,-3164275.691640,16457439.368495,24399157.249396, -3648.588921,  -219.361440,  -325.216709
 56420.500000,7,-19858885.058500,12274297.095599,18197393.789864, -2721.192732, -1376.704830, -2041.048846
 56420.500000,8,-28968075.311680,3402790.520192,5044844.409262,  -754.393409, -2008.193767, -2977.269696
 56420.500000,9,-27012445.384450,-6768466.377334,-10034664.067726,  1500.558555, -1872.620941, -2776.274716
 56420.500000,10,-14738979.439597,-14354399.170426,-21281271.936525,  3182.348153, -1021.770564, -1514.837156
 56420.500000,11,9015450.340016,15844616.885942,-23320561.670027, -2296.834047,  2700.707627,   947.004824
 56420.500000,12,-3596249.675331,25623338.801771,-14376728.509068, -2515.124928,  1030.336453,  2465.489780
 56420.500000,13,-14834304.546731,25614816.200565, 58526.295333, -1772.723572, -1033.588227,  3042.241439
 56420.500000,14,-20406159.280739,15822304.426311,14471426.044152,  -353.202065, -2702.717335,  2456.960271
 56420.500000,15,-18183554.749374,-13789.858355,23356732.909751,  1201.230626, -3339.500282,   933.203788
 56420.500000,16,-9015450.340044,-15844616.885910,23320561.670039,  2296.834047, -2700.707627,  -947.004824
 56420.500000,17,3596249.675301,-25623338.801759,14376728.509098,  2515.124928, -1030.336453, -2465.489780
 56420.500000,18,14834304.546709,-25614816.200577,-58526.295296,  1772.723572,  1033.588227, -3042.241439
 56420.500000,19,20406159.280735,-15822304.426344,-14471426.044123,   353.202065,  2702.717335, -2456.960271
 56420.500000,20,18183554.749353, 13789.858413,-23356732.909767, -1201.230626,  3339.500282,  -933.203788
 56420.500000,21,-19827713.887457,-5712762.479461,-21222745.641211,  -694.577893, -3263.538596,  1527.404283
 56420.500000,22,-19334136.359450,-20095027.993302,-9927731.205252,   882.901023, -2223.974707,  2782.176980
 56420.500000,23,-11455575.885248,-26801675.818573,5159339.119945,  2123.141757,  -334.928070,  2974.252634
 56420.500000,24,798625.216421,-23270994.436591,18275717.260808,  2552.414503,  1682.049706,  2030.264872
 56420.500000,25,12747778.629630,-10851584.131919,24411392.576806,  2006.751662,  3056.541665,   310.784936
 56420.500000,26,19827713.887449,5712762.479422,21222745.641229,   694.577893,  3263.538596, -1527.404283
 56420.500000,27,19334136.359460,20095027.993275,9927731.205285,  -882.901023,  2223.974707, -2782.176980
 56420.500000,28,11455575.885273,26801675.818569,-5159339.119909, -2123.141757,   334.928070, -2974.252634
 56420.500000,29,-798625.216390,23270994.436611,-18275717.260783, -2552.414503, -1682.049706, -2030.264872
 56420.500000,30,-12747778.629665,10851584.131866,-24411392.576812, -2006.751662, -3056.541665,  -310.784936
 56420.541667,1,15557534.647814,-14081693.594513,-20876969.293781,  3121.889748,  1078.516393,  1598.966309
 56420.541667,2,27388021.048939,-6278795.833526,-9308697.632047,  1391.999351,  1898.657490,  2814.875487
 56420.541667,3,28757214.293954,3922388.527449,5815180.134138,  -869.587486,  1993.575958,  2955.597903
 56420.541667,4,19142129.100428,12625353.788020,18717856.739782, -2799.021459,  1327.016170,  1967.382378
 56420.541667,5,2215401.207567,16505863.021553,24470948.267372, -3659.324370,   153.581308,   227.693653
 56420.541667,6,-15557534.647776,14081693.594526,20876969.293800, -3121.889748, -1078.516393, -1598.966309
 56420.541667,7,-27388021.048923,6278795.833549,9308697.632080, -1391.999351, -1898.657490, -2814.875487
 56420.541667,8,-28757214.293964,-3922388.527425,-5815180.134103,   869.587486, -1993.575958, -2955.597903
 56420.541667,9,-19142129.100461,-12625353.788004,-18717856.739759,  2799.021459, -1327.016170, -1967.382378
 56420.541667,10,-2215401.207611,-16505863.021551,-24470948.267369,  3659.324370,  -153.581308,  -227.693653
 56420.541667,11,135561.669994,23695626.631984,-17739158.019826, -2554.278726,  1588.325160,  2102.134591
 56420.541667,12,-12000844.339253,26700837.436270,-4384500.091005, -2076.333146,  -441.695358,  2993.297904
 56420.541667,13,-19553335.704596,19507235.867973,10644887.848905,  -805.298875, -2303.003262,  2741.123156
 56420.541667,14,-19637117.424210,4862533.224662,21608290.436959,   773.332194, -3284.642196,  1441.932531
 56420.541667,15,-12220187.728900,-11639491.838959,24318060.516875,  2056.576650, -3011.659452,  -408.027313
 56420.541667,16,-135561.670025,-23695626.631965,17739158.019851,  2554.278726, -1588.325160, -2102.134591
 56420.541667,17,12000844.339228,-26700837.436275,4384500.091041,  2076.333146,   441.695358, -2993.297904
 56420.541667,18,19553335.704586,-19507235.868001,-10644887.848872,   805.298875,  2303.003262, -2741.123156
 56420.541667,19,19637117.424220,-4862533.224701,-21608290.436941,  -773.332194,  3284.642196, -1441.932531
 56420.541667,20,12220187.728864,11639491.839011,-24318060.516868, -2056.576650,  3011.659452,   408.027313
 56420.541667,21,-20303890.051240,-16515778.146755,-13826060.418480,   434.441268, -2638.184864,  2513.429504
 56420.541667,22,-14366390.292279,-25869882.586834,731321.143179,  1830.995209,  -930.847602,  3040.898839
 56420.541667,23,-2941417.737307,-25342571.163699,15009362.884835,  2528.171212,  1132.041805,  2406.848174
 56420.541667,24,9607076.418207,-15135258.918331,23554338.153957,  2259.671742,  2762.529720,   853.463313
 56420.541667,25,18485993.914444,853207.805219,23102356.830795,  1128.054470,  3337.825176, -1025.915526
 56420.541667,26,20303890.051245,16515778.146723,13826060.418510,  -434.441268,  2638.184864, -2513.429504
 56420.541667,27,14366390.292301,25869882.586823,-731321.143143, -1830.995209,   930.847602, -3040.898839
 56420.541667,28,2941417.737337,25342571.163712,-15009362.884806, -2528.171212, -1132.041805, -2406.848174
 56420.541667,29,-9607076.418179,15135258.918364,-23554338.153947, -2259.671742, -2762.529720,  -853.463313
 56420.541667,30,-18485993.914464,-853207.805277,-23102356.830777, -1128.054470, -3337.825176,  1025.915526
 56420.583333,1,24903083.014561,-8947353.502348,-13264997.074067,  1983.614469,  1726.390709,  2559.479482
 56420.583333,2,29551862.109098,946717.315605,1403566.140332,  -209.885768,  2048.664423,  3037.269911
 56420.583333,3,22912834.308795,10479174.296735,15536014.794582, -2323.216776,  1588.417958,  2354.926466
 56420.583333,4,7521882.581115,16008942.870541,23734233.847015, -3549.157939,   521.449822,   773.081153
 56420.583333,5,-10742172.633169,15423839.391748,22866782.266814, -3419.441400,  -744.694423, -1104.054885
 56420.583333,6,-24903083.014537,8947353.502369,13264997.074098, -1983.614469, -1726.390709, -2559.479482
 56420.583333,7,-29551862.109101,-946717.315581,-1403566.140295,   209.885768, -2048.664423, -3037.269911
 56420.583333,8,-22912834.308823,-10479174.296716,-15536014.794553,  2323.216776, -1588.417958, -2354.926466
 56420.583333,9,-7521882.581158,-16008942.870535,-23734233.847006,  3549.157939,  -521.449822,  -773.081153
 56420.583333,10,10742172.633128,-15423839.391757,-22866782.266828,  3419.441400,   744.694423,  1104.054885
 56420.583333,11,-8770883.440140,26904679.034323,-8682665.226800, -2311.341918,   164.790861,  2845.457603
 56420.583333,12,-18054481.656639,22547659.948745,6466648.950344, -1230.789095, -1827.199344,  2934.720979
 56420.583333,13,-20441881.529555,9578201.129509,19145923.021767,   319.883330, -3121.261504,  1903.020688
 56420.583333,14,-15021177.452169,-7049804.970121,24512105.244855,  1748.371195, -3223.107857,   144.431176
 56420.583333,15,-3862894.139164,-20985025.185158,20515496.400259,  2509.040689, -2093.836559, -1669.326136
 56420.583333,16,8770883.440112,-26904679.034321,8682665.226834,  2311.341918,  -164.790861, -2845.457603
 56420.583333,17,18054481.656624,-22547659.948767,-6466648.950309,  1230.789095,  1827.199344, -2934.720979
 56420.583333,18,20441881.529559,-9578201.129547,-19145923.021744,  -319.883330,  3121.261504, -1903.020688
 56420.583333,19,15021177.452190,7049804.970082,-24512105.244853, -1748.371195,  3223.107857,  -144.431176
 56420.583333,20,3862894.139121,20985025.185194,-20515496.400230, -2509.040689,  2093.836559,  1669.326136
 56420.583333,21,-16802547.789666,-24083363.966761,-3720859.245071,  1478.353677, -1496.012489,  3007.075573
 56420.583333,22,-6584278.015027,-26576844.555294,11247108.170802,  2420.398662,   544.631923,  2703.910658
 56420.583333,23,6148962.169976,-18918873.837413,21919062.540569,  2437.933625,  2377.245451,  1367.943774
 56420.583333,24,16533507.801583,-4034536.342502,24218680.021362,  1524.260805,  3301.832017,  -490.531137
 56420.583333,25,20602815.406238,12390856.906313,17267584.896705,    28.372165,  2965.230977, -2161.639826
 56420.583333,26,16802547.789684,24083363.966743,3720859.245107, -1478.353677,  1496.012489, -3007.075573
 56420.583333,27,6584278.015056,26576844.555300,-11247108.170769, -2420.398662,  -544.631923, -2703.910658
 56420.583333,28,-6148962.169947,18918873.837442,-21919062.540552, -2437.933625, -2377.245451, -1367.943774
 56420.583333,29,-16533507.801565,4034536.342542,-24218680.021368, -1524.260805, -3301.832017,   490.531137
 56420.583333,30,-20602815.406238,-12390856.906364,-17267584.896667,   -28.372165, -2965.230977,  2161.639826
 56420.625000,1,29370134.143162,-2060232.867935,-3054420.836047,   456.750449,  2036.066245,  3018.592344
 56420.625000,2,25926513.228517,7986769.178406,11840872.248426, -1770.654406,  1797.339371,  2664.665199
 56420.625000,3,12579845.470339,14983096.858892,22213354.590439, -3321.729461,   872.089947,  1292.926516
 56420.625000,4,-5571895.684294,16256390.796005,24101090.483047, -3604.016762,  -386.268196,  -572.666150
 56420.625000,5,-21595362.069292,11320295.983437,16783028.977056, -2509.692157, -1497.085016, -2219.519812
 56420.625000,6,-29370134.143156,2060232.867959,3054420.836083,  -456.750449, -2036.066245, -3018.592344
 56420.625000,7,-25926513.228538,-7986769.178385,-11840872.248394,  1770.654406, -1797.339371, -2664.665199
 56420.625000,8,-12579845.470379,-14983096.858882,-22213354.590424,  3321.729461,  -872.089947, -1292.926516
 56420.625000,9,5571895.684250,-16256390.796010,-24101090.483054,  3604.016762,   386.268196,   572.666150
 56420.625000,10,21595362.069262,-11320295.983455,-16783028.977082,  2509.692157,  1497.085016,  2219.519812
 56420.625000,11,-15959118.374698,24843122.882475,2074755.853054, -1615.614781, -1291.025857,  3031.357382
 56420.625000,12,-20571258.142513,13977411.019811,16050985.805191,  -144.134287, -2854.756206,  2301.234185
 56420.625000,13,-17325876.491227,-2227196.777700,23896284.732679,  1382.400606, -3328.066714,   692.117745
 56420.625000,14,-7462598.905166,-17581091.105762,22614015.097117,  2380.905454, -2530.168854, -1181.364149
 56420.625000,15,5251137.818192,-26219606.190701,12693960.316624,  2469.985342,  -765.832489, -2603.605091
 56420.625000,16,15959118.374678,-24843122.882490,-2074755.853018,  1615.614781,  1291.025857, -3031.357382
 56420.625000,17,20571258.142512,-13977411.019846,-16050985.805164,   144.134287,  2854.756206, -2301.234185
 56420.625000,18,17325876.491243,2227196.777660,-23896284.732671, -1382.400606,  3328.066714,  -692.117745
 56420.625000,19,7462598.905194,17581091.105732,-22614015.097131, -2380.905454,  2530.168854,  1181.364149
 56420.625000,20,-5251137.818235,26219606.190714,-12693960.316579, -2469.985342,   765.832489,  2603.605091
 56420.625000,21,-10009597.700347,-26933034.959578,7113255.755594,  2232.657594,   -60.772271,  2911.637557
 56420.625000,22,2487689.903501,-22077420.523841,19559594.261094,  2535.647644,  1913.418420,  1837.228195
 56420.625000,23,14034764.517679,-8788981.831910,24534832.565004,  1870.106477,  3156.748309,    61.060107
 56420.625000,24,20221036.110198,7856549.193309,20138598.737357,   490.248199,  3194.307639, -1738.430866
 56420.625000,25,18683559.196382,21501145.460907,8050104.677910, -1076.868228,  2011.750021, -2873.900335
 56420.625000,26,10009597.700373,26933034.959577,-7113255.755559, -2232.657594,    60.772271, -2911.637557
 56420.625000,27,-2487689.903470,22077420.523864,-19559594.261072, -2535.647644, -1913.418420, -1837.228195
 56420.625000,28,-14034764.517657,8788981.831948,-24534832.565003, -1870.106477, -3156.748309,   -61.060107
 56420.625000,29,-20221036.110193,-7856549.193271,-20138598.737378,  -490.248199, -3194.307639,  1738.430866
 56420.625000,30,-18683559.196363,-21501145.460942,-8050104.677860,  1076.868228, -2011.750021,  2873.900335
 56420.666667,1,28083595.717504,5230486.001696,7754514.392467, -1159.590678,  1946.877770,  2886.364992
 56420.666667,2,17222177.818189,13462218.322909,19958559.435143, -2984.553035,  1193.916744,  1770.054364
 56420.666667,3,-217526.647388,16551840.808736,24539113.140068, -3669.517574,   -15.079899,   -22.356870
 56420.666667,4,-17574143.327122,13319222.681994,19746559.679254, -2952.851122, -1218.316533, -1806.228539
 56420.666667,5,-28218034.579048,4999114.194453,7411491.581834, -1108.295905, -1956.197660, -2900.182298
 56420.666667,6,-28083595.717518,-5230486.001673,-7754514.392433,  1159.590678, -1946.877770, -2886.364992
 56420.666667,7,-17222177.818225,-13462218.322895,-19958559.435121,  2984.553035, -1193.916744, -1770.054364
 56420.666667,8,217526.647344,-16551840.808736,-24539113.140068,  3669.517574,    15.079899,    22.356870
 56420.666667,9,17574143.327086,-13319222.682009,-19746559.679276,  2952.851122,  1218.316533,  1806.228539
 56420.666667,10,28218034.579035,-4999114.194476,-7411491.581869,  1108.295905,  1956.197660,  2900.182298
 56420.666667,11,-20020972.737473,17914815.642087,12425733.654659,  -603.389793, -2493.931477,  2623.416286
 56420.666667,12,-19058138.973509,2668996.659043,22490945.320318,   970.756331, -3323.068244,  1216.937159
 56420.666667,13,-10815743.883975,-13596288.331897,23965380.312720,  2174.106532, -2882.905890,  -654.370599
 56420.666667,14,1557897.755629,-24668253.300890,16285854.578968,  2547.021933, -1341.571471, -2275.731031
 56420.666667,15,13336475.403523,-26317783.952042,2385685.931969,  1947.061525,   712.197651, -3027.839557
 56420.666667,16,20020972.737465,-17914815.642117,-12425733.654628,   603.389793,  2493.931477, -2623.416286
 56420.666667,17,19058138.973521,-2668996.659083,-22490945.320304,  -970.756331,  3323.068244, -1216.937159
 56420.666667,18,10815743.884001,13596288.331863,-23965380.312728, -2174.106532,  2882.905890,   654.370599
 56420.666667,19,-1557897.755599,24668253.300873,-16285854.578995, -2547.021933,  1341.571471,  2275.731031
 56420.666667,20,-13336475.403556,26317783.952030,-2385685.931916, -1947.061525,  -712.197651,  3027.839557
 56420.666667,21,-1255774.143772,-24506542.491494,16553888.730856,  2549.585387,  1386.373193,  2245.811699
 56420.666667,22,11072321.040615,-13253044.638516,24040368.971465,  2154.164955,  2907.367534,   610.633962
 56420.666667,23,19171165.921832,3062665.811962,22344245.367050,   935.926727,  3317.846294, -1257.785194
 56420.666667,24,19947277.024864,18208542.018451,12113379.485378,  -639.803700,  2461.020540, -2645.773156
 56420.666667,25,13104206.287455,26399374.059444,-2744385.641000, -1971.150859,   664.168586, -3023.165699
 56420.666667,26,1255774.143803,24506542.491510,-16553888.730829, -2549.585387, -1386.373193, -2245.811699
 56420.666667,27,-11072321.040589,13253044.638551,-24040368.971458, -2154.164955, -2907.367534,  -610.633962
 56420.666667,28,-19171165.921821,-3062665.811922,-22344245.367065,  -935.926727, -3317.846294,  1257.785194
 56420.666667,29,-19947277.024871,-18208542.018421,-12113379.485410,   639.803700, -2461.020540,  2645.773156
 56420.666667,30,-13104206.287421,-26399374.059455,2744385.641052,  1971.150859,  -664.168586,  3023.165699
 56420.708333,1,21295499.751235,11496556.176240,17044345.459208, -2548.768770,  1476.297248,  2188.700678
 56420.708333,2,5144029.339450,16300427.938897,24166378.232264, -3613.779729,   356.606628,   528.691068
 56420.708333,3,-12972285.440881,14878090.260055,22057675.905568, -3298.449660,  -899.295603, -1333.260561
 56420.708333,4,-26133628.094554,7772827.789554,11523691.095764, -1723.223931, -1811.697480, -2685.951971
 56420.708333,5,-29312813.065444,-2301390.707862,-3411952.036774,   510.214770, -2032.092497, -3012.701020
 56420.708333,6,-21295499.751266,-11496556.176223,-17044345.459182,  2548.768770, -1476.297248, -2188.700678
 56420.708333,7,-5144029.339493,-16300427.938893,-24166378.232257,  3613.779729,  -356.606628,  -528.691068
 56420.708333,8,12972285.440842,-14878090.260066,-22057675.905584,  3298.449660,   899.295603,  1333.260561
 56420.708333,9,26133628.094534,-7772827.789576,-11523691.095796,  1723.223931,  1811.697480,  2685.951971
 56420.708333,10,29312813.065450,2301390.707837,3411952.036737,  -510.214770,  2032.092497,  3012.701020
 56420.708333,11,-20160731.986671,7477008.048736,20342518.578137,   527.038850, -3208.277595,  1701.549701
 56420.708333,12,-13811543.178710,-9162272.354696,24524943.751661,  1895.476436, -3140.393445,  -105.757038
 56420.708333,13,-2186814.313561,-22301876.132813,19339673.984217,  2539.906448, -1872.985737, -1872.668183
 56420.708333,14,10273203.292284,-26922921.241074,6767306.086134,  2214.178526,   109.838862, -2924.283732
 56420.708333,15,18809206.413779,-21260325.511728,-8389942.724497,  1042.709663,  2050.708749, -2858.922288
 56420.708333,16,20160731.986678,-7477008.048775,-20342518.578117,  -527.038850,  3208.277595, -1701.549701
 56420.708333,17,13811543.178733,9162272.354658,-24524943.751662, -1895.476436,  3140.393445,   105.757038
 56420.708333,18,2186814.313592,22301876.132791,-19339673.984239, -2539.906448,  1872.985737,  1872.668183
 56420.708333,19,-10273203.292258,26922921.241076,-6767306.086169, -2214.178526,  -109.838862,  2924.283732
 56420.708333,20,-18809206.413797,21260325.511693,8389942.724547, -1042.709663, -2050.708749,  2858.922288
 56420.708333,21,7744054.724145,-17279234.807498,22751626.020966,  2367.051115,  2561.929080,  1140.032837
 56420.708333,22,17487891.921779,-1832406.209080,23811651.545372,  1350.682798,  3331.765300,  -735.583054
 56420.708333,23,20551948.796870,14314339.280011,15776435.507702,  -181.600441,  2828.980418, -2330.231220
 56420.708333,24,15765859.766593,24993493.690629,1715157.327403, -1644.518483,  1245.621170, -3034.810261
 56420.708333,25,4957748.167407,26125983.009043,-13001252.655836, -2479.286360,  -813.523028, -2580.194932
 56420.708333,26,-7744054.724117,17279234.807529,-22751626.020953, -2367.051115, -2561.929080, -1140.032837
 56420.708333,27,-17487891.921763,1832406.209120,-23811651.545381, -1350.682798, -3331.765300,   735.583054
 56420.708333,28,-20551948.796872,-14314339.279977,-15776435.507730,   181.600441, -2828.980418,  2330.231220
 56420.708333,29,-15765859.766613,-24993493.690614,-1715157.327440,  1644.518483, -1245.621170,  3034.810261
 56420.708333,30,-4957748.167364,-26125983.009029,13001252.655880,  2479.286360,   813.523028,  2580.194932
 56420.750000,1,10335629.685291,15510458.716770,22995200.697211, -3438.644771,   716.511086,  1062.271370
 56420.750000,2,-7941831.032350,15945394.668727,23640019.763386, -3535.069401,  -550.562487,  -816.242453
 56420.750000,3,-23185782.228537,10289731.821254,15255154.774654, -2281.217672, -1607.339903, -2382.979403
 56420.750000,4,-29573552.669165,703741.153177,1043339.165637,  -156.018328, -2050.168107, -3039.499215
 56420.750000,5,-24665231.158242,-9151054.716131,-13566996.542860,  2028.774714, -1709.901778, -2535.033635
 56420.750000,6,-10335629.685332,-15510458.716761,-22995200.697199,  3438.644771,  -716.511086, -1062.271370
 56420.750000,7,7941831.032307,-15945394.668734,-23640019.763395,  3535.069401,   550.562487,   816.242453
 56420.750000,8,23185782.228510,-10289731.821273,-15255154.774683,  2281.217672,  1607.339903,  2382.979403
 56420.750000,9,29573552.669163,-703741.153202,-1043339.165673,   156.018328,  2050.168107,  3039.499215
 56420.750000,10,24665231.158267,9151054.716110,13566996.542829, -2028.774714,  1709.901778,  2535.033635
 56420.750000,11,-16351017.379238,-4425540.400028,24274217.773858,  1554.220936, -3294.124287,   446.350672
 56420.750000,12,-5859275.350726,-19198658.367444,21754522.172544,  2448.873980, -2342.517680, -1407.733503
 56420.750000,13,6870510.712323,-26638541.376883,10925338.510320,  2408.140397,  -496.148937, -2724.111327
 56420.750000,14,16975995.203330,-23903406.991060,-4076953.124254,  1447.579032,  1539.731836, -2999.971214
 56420.750000,15,20597226.519514,-12037983.581650,-17521987.235838,   -65.908321,  2987.487381, -2129.944062
 56420.750000,16,16351017.379257,4425540.399989,-24274217.773853, -1554.220936,  3294.124287,  -446.350672
 56420.750000,17,5859275.350755,19198658.367415,-21754522.172561, -2448.873980,  2342.517680,  1407.733503
 56420.750000,18,-6870510.712294,26638541.376877,-10925338.510352, -2408.140397,   496.148937,  2724.111327
 56420.750000,19,-16975995.203313,23903406.991079,4076953.124218, -1447.579032, -1539.731836,  2999.971214
 56420.750000,20,-20597226.519513,12037983.581598,17521987.235875,    65.908321, -2987.487381,  2129.944062
 56420.750000,21,15226828.472427,-6666936.629057,24492335.053166,  1720.813120,  3235.604781,  -189.077692
 56420.750000,22,20477596.520044,9947199.366194,18918247.572981,   282.602788,  3103.472481, -1937.699843
 56420.750000,23,17906618.704900,22761843.296424,6118032.527493, -1263.552204,  1785.919178, -2946.186515
 56420.750000,24,8495921.168060,26882236.734009,-9019062.999223, -2327.073200,  -213.794551, -2829.330075
 56420.750000,25,-4159929.489170,20734529.432871,-20711183.006860, -2501.731328, -2131.846028, -1631.765712
 56420.750000,26,-15226828.472407,6666936.629096,-24492335.053168, -1720.813120, -3235.604781,   189.077692
 56420.750000,27,-20477596.520041,-9947199.366156,-18918247.573004,  -282.602788, -3103.472481,  1937.699843
 56420.750000,28,-17906618.704915,-22761843.296403,-6118032.527528,  1263.552204, -1785.919178,  2946.186515
 56420.750000,29,-8495921.168088,-26882236.734011,9019062.999189,  2327.073200,   213.794551,  2829.330075
 56420.750000,30,4159929.489214,-20734529.432834,20711183.006888,  2501.731328,  2131.846028,  1631.765712
 56420.791667,1,-2648983.294695,16485872.811199,24441311.561750, -3654.892571,  -183.639116,  -272.256186
 56420.791667,2,-19471892.038403,12466669.291596,18482597.299077, -2763.841351, -1349.876780, -2001.274626
 56420.791667,3,-28857199.848700,3685621.829102,5464159.068525,  -817.096674, -2000.507394, -2965.874180
 56420.791667,4,-27220038.136927,-6503207.902433,-9641402.206270,  1441.751160, -1887.012179, -2797.610604
 56420.791667,5,-15185747.031903,-14208033.251142,-21064275.537474,  3149.899054, -1052.742449, -1560.754864
 56420.791667,6,2648983.294651,-16485872.811202,-24441311.561753,  3654.892571,   183.639116,   272.256186
 56420.791667,7,19471892.038370,-12466669.291613,-18482597.299101,  2763.841351,  1349.876780,  2001.274626
 56420.791667,8,28857199.848690,-3685621.829126,-5464159.068561,   817.096674,  2000.507394,  2965.874180
 56420.791667,9,27220038.136945,6503207.902410,9641402.206237, -1441.751160,  1887.012179,  2797.610604
 56420.791667,10,15185747.031941,14208033.251129,21064275.537455, -3149.899054,  1052.742449,  1560.754864
 56420.791667,11,-9338149.448290,-15461128.456451,23450614.009779,  2276.932185, -2734.654244,  -896.288153
 56420.791667,12,3240820.583422,-25474040.099407,14722404.309793,  2522.538755, -1085.744273, -2433.935920
 56420.791667,13,14581907.303705,-25756734.255155,370736.559576,  1804.621259,   977.883107, -3041.902892
 56420.791667,14,20353201.054766,-16201231.364619,-14122539.955527,   397.399779,  2667.992377, -2487.966349
 56420.791667,15,18350263.782791,-457408.752490,-23221486.215061, -1161.614910,  3339.019241,  -983.711224
 56420.791667,16,9338149.448318,15461128.456418,-23450614.009790, -2276.932185,  2734.654244,   896.288153
 56420.791667,17,-3240820.583391,25474040.099394,-14722404.309822, -2522.538755,  1085.744273,  2433.935920
 56420.791667,18,-14581907.303684,25756734.255167,-370736.559612, -1804.621259,  -977.883107,  3041.902892
 56420.791667,19,-20353201.054762,16201231.364651,14122539.955497,  -397.399779, -2667.992377,  2487.966349
 56420.791667,20,-18350263.782771,457408.752432,23221486.215078,  1161.614910, -3339.019241,   983.711224
 56420.791667,21,19726676.748969,5251409.957541,21435012.097049,   737.468990,  3275.427678, -1481.148028
 56420.791667,22,19455753.712396,19778155.265901,10318771.606235,  -840.838919,  2267.211488, -2760.222535
 56420.791667,23,11753394.034424,26750317.497449,-4738888.916018, -2097.974939,   392.997570, -2984.985850
 56420.791667,24,-438362.681533,23504767.654809,-17986454.941261, -2553.755840, -1631.328063, -2069.586027
 56420.791667,25,-12462679.752484,11281195.465778,-24363806.516040, -2034.088809, -3032.541822,  -363.674684
 56420.791667,26,-19726676.748960,-5251409.957502,-21435012.097067,  -737.468990, -3275.427678,  1481.148028
 56420.791667,27,-19455753.712406,-19778155.265874,-10318771.606268,   840.838919, -2267.211488,  2760.222535
 56420.791667,28,-11753394.034449,-26750317.497444,4738888.915983,  2097.974939,  -392.997570,  2984.985850
 56420.791667,29,438362.681502,-23504767.654829,17986454.941236,  2553.755840,  1631.328063,  2069.586027
 56420.791667,30,12462679.752519,-11281195.465726,24363806.516047,  2034.088809,  3032.541822,   363.674684
 56420.833333,1,-15114662.226354,14231715.493514,21099385.905661, -3155.149371, -1047.814539, -1553.448937
 56420.833333,2,-27187422.471165,6545731.772588,9704446.436393, -1451.178637, -1884.751118, -2794.258443
 56420.833333,3,-28875511.398480,-3640499.004229,-5397261.729579,   807.093013, -2001.776831, -2967.756198
 56420.833333,4,-19534136.414096,-12436182.897439,-18437399.361029,  2757.082564, -1354.191832, -2007.671955
 56420.833333,5,-2731385.260394,-16481667.614131,-24435077.100712,  3653.960285,  -189.351581,  -280.725263
 56420.833333,6,15114662.226317,-14231715.493526,-21099385.905680,  3155.149371,  1047.814539,  1553.448937
 56420.833333,7,27187422.471148,-6545731.772611,-9704446.436427,  1451.178637,  1884.751118,  2794.258443
 56420.833333,8,28875511.398490,3640499.004205,5397261.729544,  -807.093013,  2001.776831,  2967.756198
 56420.833333,9,19534136.414129,12436182.897423,18437399.361005, -2757.082564,  1354.191832,  2007.671955
 56420.833333,10,2731385.260438,16481667.614129,24435077.100708, -3653.960285,   189.351581,   280.725263
 56420.833333,11,-495944.311689,-23467891.831731,18033050.710154,  2553.593948, -1639.467271, -2063.344731
 56420.833333,12,11706041.941818,-26759074.483814,4806177.329980,  2102.039883,   383.725707, -2983.331925
 56420.833333,13,19436718.047276,-19829200.190557,-10256492.434290,   847.578029,  2260.348506, -2763.787723
 56420.833333,14,19743228.488414,-5325245.394223,-21401530.694012,  -730.629825,  3273.595003, -1488.570548
 56420.833333,15,12508496.694682,11212772.144184,-24371911.639895, -2029.761918,  3036.439474,   355.229981
 56420.833333,16,495944.311720,23467891.831711,-18033050.710179, -2553.593948,  1639.467271,  2063.344731
 56420.833333,17,-11706041.941793,26759074.483819,-4806177.330016, -2102.039883,  -383.725707,  2983.331925
 56420.833333,18,-19436718.047266,19829200.190584,10256492.434256,  -847.578029, -2260.348506,  2763.787723
 56420.833333,19,-19743228.488422,5325245.394262,21401530.693994,   730.629825, -3273.595003,  1488.570548
 56420.833333,20,-12508496.694647,-11212772.144237,24371911.639889,  2029.761918, -3036.439474,  -355.229981
 56420.833333,21,20362082.298474,16141008.860292,14178584.666435,  -390.344820,  2673.596492, -2483.062460
 56420.833333,22,14622541.818587,25734583.831717,-302144.788351, -1799.560846,   986.805287, -3042.019486
 56420.833333,23,3297687.365909,25498422.465746,-14667465.203510, -2521.405793, -1076.911998, -2439.028462
 56420.833333,24,-9286771.576277,15522730.377352,-23430312.439727, -2280.159426, -2729.285502,  -904.411466
 56420.833333,25,-18323999.422042,-382117.116901,-23243576.691015, -1167.969659, -3339.164710,   975.659970
 56420.833333,26,-20362082.298479,-16141008.860260,-14178584.666465,   390.344820, -2673.596493,  2483.062460
 56420.833333,27,-14622541.818608,-25734583.831705,302144.788314,  1799.560846,  -986.805287,  3042.019486
 56420.833333,28,-3297687.365939,-25498422.465759,14667465.203480,  2521.405793,  1076.911998,  2439.028462
 56420.833333,29,9286771.576250,-15522730.377384,23430312.439716,  2280.159426,  2729.285502,   904.411466
 56420.833333,30,18323999.422063,382117.116959,23243576.690998,  1167.969659,  3339.164710,  -975.659970
 56420.875000,1,-24619388.978572,9189574.668380,13624104.720574, -2037.314528, -1706.723797, -2530.322085
 56420.875000,2,-29576955.100348,-657510.204689,-974798.965871,   145.768998, -2050.403979, -3039.848908
 56420.875000,3,-23237129.657506,-10253448.527517,-15201362.579551,  2273.173722, -1610.899531, -2388.256769
 56420.875000,4,-8021510.486473,-15932918.014725,-23621522.363145,  3532.303346,  -556.086215,  -824.431718
 56420.875000,5,10258053.049283,-15526554.360266,-23019063.470022,  3442.213150,   711.133134,  1054.298228
 56420.875000,6,24619388.978547,-9189574.668401,-13624104.720604,  2037.314528,  1706.723797,  2530.322085
 56420.875000,7,29576955.100350,657510.204664,974798.965834,  -145.768998,  2050.403979,  3039.848908
 56420.875000,8,23237129.657533,10253448.527497,15201362.579522, -2273.173722,  1610.899531,  2388.256769
 56420.875000,9,8021510.486515,15932918.014719,23621522.363135, -3532.303346,   556.086215,   824.431718
 56420.875000,10,-10258053.049242,15526554.360275,23019063.470035, -3442.213150,  -711.133134, -1054.298228
 56420.875000,11,8443415.982506,-26877310.957736,9082824.887042,  2330.008371,  -223.109760, -2826.193462
 56420.875000,12,17878057.545352,-22802024.147694,-6051576.561044,  1269.752809,  1778.024079, -2948.295209
 56420.875000,13,20483888.778691,-10017139.125517,-18874481.448330,  -275.505168,  3100.013152, -1944.248395
 56420.875000,14,15265570.720332,6593952.572575,-24487975.942374, -1715.529536,  3237.902567,  -197.564776
 56420.875000,15,4216323.504537,20686378.508083,-20747895.942156, -2500.279929,  2139.023253,  1624.581872
 56420.875000,16,-8443415.982478,26877310.957733,-9082824.887076, -2330.008371,   223.109760,  2826.193462
 56420.875000,17,-17878057.545337,22802024.147715,6051576.561009, -1269.752809, -1778.024079,  2948.295209
 56420.875000,18,-20483888.778695,10017139.125555,18874481.448307,   275.505168, -3100.013152,  1944.248395
 56420.875000,19,-15265570.720353,-6593952.572537,24487975.942371,  1715.529536, -3237.902567,   197.564776
 56420.875000,20,-4216323.504494,-20686378.508120,20747895.942128,  2500.279929, -2139.023253, -1624.581872
 56420.875000,21,17008569.600470,23868594.967287,4144582.021716, -1441.690342,  1548.009550, -2998.546623
 56420.875000,22,6924783.802719,26649624.707725,-10863871.221813, -2405.750011,  -486.915407, -2727.886862
 56420.875000,23,-5804034.042928,19251403.597228,-21722694.908006, -2450.894945, -2335.855228, -1415.267037
 56420.875000,24,-16315908.156036,4499800.643722,-24284187.466573, -1559.881312, -3292.577745,   437.936693
 56420.875000,25,-20595659.910849,-11970573.213002,-17569945.802134,   -73.046036, -2991.647474,  2123.863492
 56420.875000,26,-17008569.600487,-23868594.967268,-4144582.021752,  1441.690342, -1548.009550,  2998.546623
 56420.875000,27,-6924783.802748,-26649624.707731,10863871.221781,  2405.750011,   486.915407,  2727.886862
 56420.875000,28,5804034.042899,-19251403.597256,21722694.907989,  2450.894945,  2335.855228,  1415.267037
 56420.875000,29,16315908.156017,-4499800.643761,24284187.466579,  1559.881312,  3292.577745,  -437.936693
 56420.875000,30,20595659.910850,11970573.213053,17569945.802097,    73.046036,  2991.647474, -2123.863492
 56420.916667,1,-29301193.963769,2347202.337243,3479870.570399,  -520.371137, -2031.287010, -3011.506836
 56420.916667,2,-26172382.088656,-7731946.374438,-11463081.905376,  1714.160584, -1814.384076, -2689.935014
 56420.916667,3,-13046609.822211,-14857754.370272,-22027526.709115,  3293.941224,  -904.448095, -1340.899443
 56420.916667,4,5062523.958367,-16308405.193152,-24178204.998057,  3615.548274,   350.956318,   520.314139
 56420.916667,5,21237945.655706,-11529799.534544,-17093630.764692,  2556.138771,  1472.307346,  2182.785405
 56420.916667,6,29301193.963763,-2347202.337268,-3479870.570435,   520.371137,  2031.287010,  3011.506836
 56420.916667,7,26172382.088676,7731946.374417,11463081.905344, -1714.160584,  1814.384076,  2689.935014
 56420.916667,8,13046609.822251,14857754.370261,22027526.709099, -3293.941224,   904.448095,  1340.899443
 56420.916667,9,-5062523.958323,16308405.193156,24178204.998063, -3615.548274,  -350.956318,  -520.314139
 56420.916667,10,-21237945.655675,11529799.534562,17093630.764718, -2556.138771, -1472.307346, -2182.785405
 56420.916667,11,15728716.756155,-25021482.917377,-1646720.231602,  1649.975720,  1236.954803, -3035.392792
 56420.916667,12,20547773.682293,-14378072.594418,-15723830.667876,   188.722013,  2824.008728, -2335.689442
 56420.916667,13,17518279.454925,1757272.766903,-23794972.222362, -1344.617088,  3332.387303,  -743.832112
 56420.916667,14,7797397.900186,17221399.658771,-22777243.149253, -2364.358163,  2567.907192,  1132.143802
 56420.916667,15,-4901824.628548,26107537.214801,-13059381.363214, -2480.994782,   822.573814,  2575.679265
 56420.916667,16,-15728716.756136,25021482.917392,1646720.231565, -1649.975720, -1236.954803,  3035.392792
 56420.916667,17,-20547773.682291,14378072.594452,15723830.667848,  -188.722013, -2824.008728,  2335.689442
 56420.916667,18,-17518279.454941,-1757272.766863,23794972.222353,  1344.617088, -3332.387303,   743.832112
 56420.916667,19,-7797397.900214,-17221399.658740,22777243.149266,  2364.358163, -2567.907192, -1132.143802
 56420.916667,20,4901824.628591,-26107537.214815,13059381.363170,  2480.994782,  -822.573814, -2575.679265
 56420.916667,21,10323089.540344,26920339.349854,-6701341.457640, -2210.609694,   119.168576, -2926.617517
 56420.916667,22,-2129534.709556,22344022.000837,-19297372.578878, -2540.654365, -1865.249700, -1879.363034
 56420.916667,23,-13768749.080627,9233047.692864,-24522463.268545, -1900.255423, -3137.205988,  -114.255749
 56420.916667,24,-20148769.285461,-7404637.014038,-20380806.477486,  -534.023496, -3210.856219,  1694.493349
 56420.916667,25,-18832644.454748,-21214002.055869,-8454374.330235,  1036.187255, -2058.068507,  2856.003581
 56420.916667,26,-10323089.540370,-26920339.349852,6701341.457605,  2210.609694,  -119.168576,  2926.617517
 56420.916667,27,2129534.709526,-22344022.000859,19297372.578856,  2540.654365,  1865.249700,  1879.363034
 56420.916667,28,13768749.080605,-9233047.692902,24522463.268544,  1900.255423,  3137.205988,   114.255749
 56420.916667,29,20148769.285454,7404637.013999,20380806.477506,   534.023496,  3210.856219, -1694.493349
 56420.916667,30,18832644.454730,21214002.055905,8454374.330185, -1036.187255,  2058.068507, -2856.003581
 56420.958333,1,-28242914.729552,-4954985.355426,-7346067.887507,  1098.512610, -1957.922461, -2902.739421
 56420.958333,2,-17640657.002637,-13291699.442054,-19705754.797991,  2946.749263, -1222.927552, -1813.064656
 56420.958333,3,-300267.884584,-16551436.110058,-24538513.149604,  3669.427853,   -20.815884,   -30.860817
 56420.958333,4,17154813.359650,-13489086.746634,-19998393.511442,  2990.509723,  1189.246745,  1763.130805
 56420.958333,5,28057338.971150,-5274364.723185,-7819567.272294,  1169.318523,  1945.057538,  2883.666387
 56420.958333,6,28242914.729566,4954985.355403,7346067.887472, -1098.512610,  1957.922461,  2902.739421
 56420.958333,7,17640657.002672,13291699.442039,19705754.797970, -2946.749263,  1222.927552,  1813.064656
 56420.958333,8,300267.884628,16551436.110058,24538513.149604, -3669.427853,    20.815884,    30.860817
 56420.958333,9,-17154813.359614,13489086.746648,19998393.511463, -2990.509723, -1189.246744, -1763.130805
 56420.958333,10,-28057338.971136,5274364.723208,7819567.272329, -1169.318523, -1945.057538, -2883.666387
 56420.958333,11,19932772.480361,-18263963.177425,-12053673.962778,   646.713933,  2454.700750, -2649.960712
 56420.958333,12,19192194.754341,-3137466.275917,-22315796.906677,  -929.279299,  3316.771963, -1265.523682
 56420.958333,13,11120850.950861,13187436.104436,-24054043.918254, -2150.319423,  2911.949019,   602.300382
 56420.958333,14,-1198279.932033,24475186.117356,-16604463.719928, -2550.010614,  1394.860523,  2240.066171
 56420.958333,15,-13059708.608868,26414246.914432,-2812542.745635, -1975.684423,  -655.017283,  3022.202820
 56420.958333,16,-19932772.480353,18263963.177454,12053673.962746,  -646.713933, -2454.700750,  2649.960712
 56420.958333,17,-19192194.754352,3137466.275957,22315796.906662,   929.279299, -3316.771963,  1265.523682
 56420.958333,18,-11120850.950887,-13187436.104401,24054043.918261,  2150.319423, -2911.949019,  -602.300382
 56420.958333,19,1198279.932002,-24475186.117339,16604463.719955,  2550.010614, -1394.860523, -2240.066171
 56420.958333,20,13059708.608902,-26414246.914420,2812542.745582,  1975.684423,   655.017283, -3022.202820
 56420.958333,21,1615323.172042,24698407.332939,-16234476.645930, -2546.472092, -1333.017442, -2281.366005
 56420.958333,22,-10766678.802382,13661240.389777,-23950531.607465, -2177.846236, -2878.182829,  -662.673250
 56420.958333,23,-19036175.420244,-2594056.053803,-22518297.543565,  -977.357140, -3323.980202,  1209.138163
 56420.958333,24,-20034500.043369,-17858511.253552,-12484839.186796,   596.449164, -2500.130116,  2619.099895
 56420.958333,25,-13380326.597584,-26301622.142886,2317403.395171,  1942.432160,  -721.315301,  3028.654487
 56420.958333,26,-1615323.172073,-24698407.332955,16234476.645902,  2546.472092,  1333.017442,  2281.366005
 56420.958333,27,10766678.802356,-13661240.389812,23950531.607457,  2177.846236,  2878.182829,   662.673250
 56420.958333,28,19036175.420232,2594056.053763,22518297.543580,   977.357140,  3323.980202, -1209.138163
 56420.958333,29,20034500.043376,17858511.253522,12484839.186827,  -596.449164,  2500.130116, -2619.099895
 56420.958333,30,13380326.597551,26301622.142899,-2317403.395224, -1942.432160,   721.315301, -3028.654487
